READING PARAMETERS FILE....
INITIALIZING ACQUISITION....
Number of scales: 1
SETTING UP ALGORITHMS....
Init device HOG-LBP
Init device SVM
SETTING UP CUDA ENVIRONMENT....
--------- CUDA DEVICE PROPERTIES ---------
	 Device: GeForce GTX 960
	 Compute Capability: 5
	 SMs: 8
------------------------------------------
error code: 77 description: an illegal memory access was encountered
32 64 64 128 1 40559624323072.000000
40 64 64 128 1 0.000000
48 64 64 128 1 40559624323072.000000
56 64 64 128 1 0.000000
64 64 64 128 1 0.000000
72 64 64 128 1 0.000000
80 64 64 128 1 0.000000
88 64 64 128 1 0.000000
96 64 64 128 1 0.000000
104 64 64 128 1 0.000000
112 64 64 128 1 0.000000
120 64 64 128 1 0.000001
128 64 64 128 1 0.000000
136 64 64 128 1 0.000000
144 64 64 128 1 0.000000
152 64 64 128 1 0.000000
160 64 64 128 1 0.000000
168 64 64 128 1 0.000003
176 64 64 128 1 0.000011
184 64 64 128 1 0.000043
192 64 64 128 1 0.000001
200 64 64 128 1 0.000000
208 64 64 128 1 0.000000
216 64 64 128 1 0.000003
224 64 64 128 1 0.000000
232 64 64 128 1 0.000011
240 64 64 128 1 0.000000
248 64 64 128 1 0.000000
256 64 64 128 1 0.000171
264 64 64 128 1 0.000003
272 64 64 128 1 0.000003
280 64 64 128 1 0.000000
288 64 64 128 1 0.000000
296 64 64 128 1 0.000000
304 64 64 128 1 0.000003
312 64 64 128 1 0.000011
320 64 64 128 1 0.000011
32 72 64 128 1 0.000000
40 72 64 128 1 0.000000
48 72 64 128 1 0.000000
56 72 64 128 1 0.000011
64 72 64 128 1 0.000044
72 72 64 128 1 0.000000
80 72 64 128 1 0.000000
88 72 64 128 1 0.000043
96 72 64 128 1 0.000000
104 72 64 128 1 0.000000
112 72 64 128 1 0.000000
120 72 64 128 1 0.000000
128 72 64 128 1 0.000000
136 72 64 128 1 0.000173
144 72 64 128 1 0.000000
152 72 64 128 1 0.000000
160 72 64 128 1 0.000003
168 72 64 128 1 0.000000
176 72 64 128 1 0.000000
184 72 64 128 1 0.000000
192 72 64 128 1 0.000044
200 72 64 128 1 0.000000
208 72 64 128 1 0.000000
216 72 64 128 1 0.000000
224 72 64 128 1 0.000042
232 72 64 128 1 0.000000
240 72 64 128 1 0.000000
248 72 64 128 1 0.000000
256 72 64 128 1 0.000000
264 72 64 128 1 0.000000
272 72 64 128 1 0.000000
280 72 64 128 1 0.000003
288 72 64 128 1 0.000042
296 72 64 128 1 0.000000
304 72 64 128 1 0.000000
312 72 64 128 1 0.000043
320 72 64 128 1 0.000001
32 80 64 128 1 0.000001
40 80 64 128 1 0.000000
48 80 64 128 1 0.000000
56 80 64 128 1 0.000171
64 80 64 128 1 0.000011
72 80 64 128 1 0.000011
80 80 64 128 1 0.000174
88 80 64 128 1 0.000000
96 80 64 128 1 0.000000
104 80 64 128 1 0.000000
112 80 64 128 1 0.000000
120 80 64 128 1 0.000003
128 80 64 128 1 0.000000
136 80 64 128 1 0.000000
144 80 64 128 1 0.000011
152 80 64 128 1 0.000003
160 80 64 128 1 0.000000
168 80 64 128 1 0.000174
176 80 64 128 1 0.000000
184 80 64 128 1 0.000000
192 80 64 128 1 0.000043
200 80 64 128 1 0.000174
208 80 64 128 1 0.000000
216 80 64 128 1 0.000001
224 80 64 128 1 0.000000
232 80 64 128 1 0.000000
240 80 64 128 1 0.000000
248 80 64 128 1 0.000000
256 80 64 128 1 0.000175
264 80 64 128 1 0.000000
272 80 64 128 1 0.000000
280 80 64 128 1 0.000000
288 80 64 128 1 0.000000
296 80 64 128 1 0.000000
304 80 64 128 1 0.000003
312 80 64 128 1 0.000000
320 80 64 128 1 0.000000
32 88 64 128 1 0.000001
40 88 64 128 1 0.000169
48 88 64 128 1 0.000001
56 88 64 128 1 0.000000
64 88 64 128 1 0.000000
72 88 64 128 1 0.000003
80 88 64 128 1 0.000000
88 88 64 128 1 0.000000
96 88 64 128 1 0.000001
104 88 64 128 1 0.000000
112 88 64 128 1 0.000000
120 88 64 128 1 0.000042
128 88 64 128 1 0.000000
136 88 64 128 1 0.000044
144 88 64 128 1 0.000000
152 88 64 128 1 0.000000
160 88 64 128 1 0.000042
168 88 64 128 1 0.000001
176 88 64 128 1 0.000000
184 88 64 128 1 0.000003
192 88 64 128 1 0.000000
200 88 64 128 1 0.000000
208 88 64 128 1 0.000000
216 88 64 128 1 0.000003
224 88 64 128 1 0.000011
232 88 64 128 1 0.000000
240 88 64 128 1 0.000000
248 88 64 128 1 0.000000
256 88 64 128 1 0.000000
264 88 64 128 1 0.000011
272 88 64 128 1 0.000000
280 88 64 128 1 0.000000
288 88 64 128 1 0.000000
296 88 64 128 1 0.000000
304 88 64 128 1 0.000042
312 88 64 128 1 0.000011
320 88 64 128 1 0.000011
32 96 64 128 1 0.000000
40 96 64 128 1 0.000000
48 96 64 128 1 0.000003
56 96 64 128 1 0.000000
64 96 64 128 1 0.000003
72 96 64 128 1 0.000000
80 96 64 128 1 0.000000
88 96 64 128 1 0.000000
96 96 64 128 1 0.000000
104 96 64 128 1 0.000003
112 96 64 128 1 0.000011
120 96 64 128 1 0.000000
128 96 64 128 1 0.000000
136 96 64 128 1 0.000001
144 96 64 128 1 0.000011
152 96 64 128 1 0.000001
160 96 64 128 1 0.000003
168 96 64 128 1 0.000000
176 96 64 128 1 0.000042
184 96 64 128 1 0.000043
192 96 64 128 1 0.000000
200 96 64 128 1 0.000042
208 96 64 128 1 0.000000
216 96 64 128 1 0.000000
224 96 64 128 1 0.000170
232 96 64 128 1 0.000000
240 96 64 128 1 0.000011
248 96 64 128 1 0.000043
256 96 64 128 1 0.000000
264 96 64 128 1 0.000000
272 96 64 128 1 0.000011
280 96 64 128 1 0.000169
288 96 64 128 1 0.000000
296 96 64 128 1 0.000011
304 96 64 128 1 0.000000
312 96 64 128 1 0.000000
320 96 64 128 1 0.000000
32 104 64 128 1 0.000000
40 104 64 128 1 0.000000
48 104 64 128 1 0.000000
56 104 64 128 1 0.000003
64 104 64 128 1 0.000011
72 104 64 128 1 0.000000
80 104 64 128 1 0.000000
88 104 64 128 1 0.000000
96 104 64 128 1 0.000000
104 104 64 128 1 0.000003
112 104 64 128 1 0.000000
120 104 64 128 1 0.000000
128 104 64 128 1 0.000011
136 104 64 128 1 0.000000
144 104 64 128 1 0.000000
152 104 64 128 1 0.000000
160 104 64 128 1 0.000000
168 104 64 128 1 0.000001
176 104 64 128 1 0.000000
184 104 64 128 1 0.000000
192 104 64 128 1 0.000000
200 104 64 128 1 0.000044
208 104 64 128 1 0.000000
216 104 64 128 1 0.000000
224 104 64 128 1 0.000000
232 104 64 128 1 0.000000
240 104 64 128 1 0.000000
248 104 64 128 1 0.000000
256 104 64 128 1 0.000000
264 104 64 128 1 0.000011
272 104 64 128 1 0.000000
280 104 64 128 1 0.000000
288 104 64 128 1 0.000000
296 104 64 128 1 0.000001
304 104 64 128 1 0.000174
312 104 64 128 1 0.000000
320 104 64 128 1 0.000000
32 112 64 128 1 0.000000
40 112 64 128 1 0.000000
48 112 64 128 1 0.000000
56 112 64 128 1 0.000000
64 112 64 128 1 0.000000
72 112 64 128 1 0.000003
80 112 64 128 1 0.000000
88 112 64 128 1 0.000000
96 112 64 128 1 0.000000
104 112 64 128 1 0.000000
112 112 64 128 1 0.000000
120 112 64 128 1 0.000003
128 112 64 128 1 0.000171
136 112 64 128 1 0.000011
144 112 64 128 1 0.000000
152 112 64 128 1 0.000000
160 112 64 128 1 0.000001
168 112 64 128 1 0.000000
176 112 64 128 1 0.000000
184 112 64 128 1 0.000000
192 112 64 128 1 0.000000
200 112 64 128 1 0.000000
208 112 64 128 1 0.000000
216 112 64 128 1 0.000003
224 112 64 128 1 0.000000
232 112 64 128 1 0.000170
240 112 64 128 1 0.000000
248 112 64 128 1 0.000043
256 112 64 128 1 0.000011
264 112 64 128 1 0.000011
272 112 64 128 1 0.000000
280 112 64 128 1 0.000000
288 112 64 128 1 0.000000
296 112 64 128 1 0.000043
304 112 64 128 1 0.000000
312 112 64 128 1 0.000000
320 112 64 128 1 0.000000
32 120 64 128 1 0.000011
40 120 64 128 1 0.000000
48 120 64 128 1 0.000000
56 120 64 128 1 0.000000
64 120 64 128 1 0.000000
72 120 64 128 1 0.000000
80 120 64 128 1 0.000003
88 120 64 128 1 0.000000
96 120 64 128 1 0.000174
104 120 64 128 1 0.000001
112 120 64 128 1 0.000000
120 120 64 128 1 0.000000
128 120 64 128 1 0.000001
136 120 64 128 1 0.000043
144 120 64 128 1 0.000003
152 120 64 128 1 0.000174
160 120 64 128 1 0.000000
168 120 64 128 1 0.000000
176 120 64 128 1 0.000000
184 120 64 128 1 0.000000
192 120 64 128 1 0.000169
200 120 64 128 1 0.000001
208 120 64 128 1 0.000000
216 120 64 128 1 0.000000
224 120 64 128 1 0.000000
232 120 64 128 1 0.000011
240 120 64 128 1 0.000000
248 120 64 128 1 0.000000
256 120 64 128 1 0.000000
264 120 64 128 1 0.000000
272 120 64 128 1 0.000001
280 120 64 128 1 0.000001
288 120 64 128 1 0.000000
296 120 64 128 1 0.000000
304 120 64 128 1 0.000000
312 120 64 128 1 0.000177
320 120 64 128 1 0.000000
32 128 64 128 1 0.000000
40 128 64 128 1 0.000000
48 128 64 128 1 0.000000
56 128 64 128 1 0.000011
64 128 64 128 1 0.000042
72 128 64 128 1 0.000000
80 128 64 128 1 0.000000
88 128 64 128 1 0.000000
96 128 64 128 1 0.000001
104 128 64 128 1 0.000000
112 128 64 128 1 0.000174
120 128 64 128 1 0.000000
128 128 64 128 1 0.000000
136 128 64 128 1 0.000000
144 128 64 128 1 0.000000
152 128 64 128 1 0.000011
160 128 64 128 1 0.000000
168 128 64 128 1 0.000042
176 128 64 128 1 0.000000
184 128 64 128 1 0.000000
192 128 64 128 1 0.000000
200 128 64 128 1 0.000000
208 128 64 128 1 0.000001
216 128 64 128 1 0.000001
224 128 64 128 1 0.000000
232 128 64 128 1 0.000011
240 128 64 128 1 0.000044
248 128 64 128 1 0.000001
256 128 64 128 1 0.000001
264 128 64 128 1 0.000000
272 128 64 128 1 0.000000
280 128 64 128 1 0.000000
288 128 64 128 1 0.000000
296 128 64 128 1 0.000000
304 128 64 128 1 0.000003
312 128 64 128 1 0.000000
320 128 64 128 1 0.000000
32 136 64 128 1 0.000003
40 136 64 128 1 0.000000
48 136 64 128 1 0.000000
56 136 64 128 1 0.000000
64 136 64 128 1 0.000011
72 136 64 128 1 0.000000
80 136 64 128 1 0.000000
88 136 64 128 1 0.000000
96 136 64 128 1 0.000000
104 136 64 128 1 0.000000
112 136 64 128 1 0.000044
120 136 64 128 1 0.000003
128 136 64 128 1 0.000000
136 136 64 128 1 0.000000
144 136 64 128 1 0.000000
152 136 64 128 1 0.000000
160 136 64 128 1 0.000000
168 136 64 128 1 0.000043
176 136 64 128 1 0.000000
184 136 64 128 1 0.000000
192 136 64 128 1 0.000000
200 136 64 128 1 0.000042
208 136 64 128 1 0.000011
216 136 64 128 1 0.000011
224 136 64 128 1 0.000000
232 136 64 128 1 0.000000
240 136 64 128 1 0.000000
248 136 64 128 1 0.000000
256 136 64 128 1 0.000003
264 136 64 128 1 0.000000
272 136 64 128 1 0.000000
280 136 64 128 1 0.000000
288 136 64 128 1 0.000000
296 136 64 128 1 0.000000
304 136 64 128 1 0.000000
312 136 64 128 1 0.000003
320 136 64 128 1 0.000000
32 144 64 128 1 0.000000
40 144 64 128 1 0.000172
48 144 64 128 1 0.000001
56 144 64 128 1 0.000171
64 144 64 128 1 0.000042
72 144 64 128 1 0.000000
80 144 64 128 1 0.000000
88 144 64 128 1 0.000000
96 144 64 128 1 0.000001
104 144 64 128 1 0.000000
112 144 64 128 1 0.000000
120 144 64 128 1 0.000000
128 144 64 128 1 0.000001
136 144 64 128 1 0.000000
144 144 64 128 1 0.000043
152 144 64 128 1 0.000169
160 144 64 128 1 0.000000
168 144 64 128 1 0.000000
176 144 64 128 1 0.000011
184 144 64 128 1 0.000177
192 144 64 128 1 0.000042
200 144 64 128 1 0.000042
208 144 64 128 1 0.000000
216 144 64 128 1 0.000000
224 144 64 128 1 0.000003
232 144 64 128 1 0.000000
240 144 64 128 1 0.000000
248 144 64 128 1 0.000000
256 144 64 128 1 0.000000
264 144 64 128 1 0.000000
272 144 64 128 1 0.000042
280 144 64 128 1 0.000000
288 144 64 128 1 0.000044
296 144 64 128 1 0.000000
304 144 64 128 1 0.000000
312 144 64 128 1 0.000000
320 144 64 128 1 0.000000
32 152 64 128 1 0.000000
40 152 64 128 1 0.000000
48 152 64 128 1 0.000000
56 152 64 128 1 0.000000
64 152 64 128 1 0.000042
72 152 64 128 1 0.000000
80 152 64 128 1 0.000000
88 152 64 128 1 0.000000
96 152 64 128 1 0.000000
104 152 64 128 1 0.000000
112 152 64 128 1 0.000042
120 152 64 128 1 0.000000
128 152 64 128 1 0.000000
136 152 64 128 1 0.000000
144 152 64 128 1 0.000011
152 152 64 128 1 0.000000
160 152 64 128 1 0.000000
168 152 64 128 1 0.000000
176 152 64 128 1 0.000000
184 152 64 128 1 0.000000
192 152 64 128 1 0.000000
200 152 64 128 1 0.000000
208 152 64 128 1 0.000000
216 152 64 128 1 0.000000
224 152 64 128 1 0.000000
232 152 64 128 1 0.000000
240 152 64 128 1 0.000043
248 152 64 128 1 0.000173
256 152 64 128 1 0.000000
264 152 64 128 1 0.000000
272 152 64 128 1 0.000000
280 152 64 128 1 0.000001
288 152 64 128 1 0.000001
296 152 64 128 1 0.000001
304 152 64 128 1 0.000001
312 152 64 128 1 0.000000
320 152 64 128 1 0.000000
32 160 64 128 1 0.000044
40 160 64 128 1 0.000000
48 160 64 128 1 0.000000
56 160 64 128 1 0.000000
64 160 64 128 1 0.000003
72 160 64 128 1 0.000000
80 160 64 128 1 0.000000
88 160 64 128 1 0.000000
96 160 64 128 1 0.000000
104 160 64 128 1 0.000003
112 160 64 128 1 0.000001
120 160 64 128 1 0.000000
128 160 64 128 1 0.000170
136 160 64 128 1 0.000000
144 160 64 128 1 0.000000
152 160 64 128 1 0.000011
160 160 64 128 1 0.000043
168 160 64 128 1 0.000001
176 160 64 128 1 0.000043
184 160 64 128 1 0.000000
192 160 64 128 1 0.000000
200 160 64 128 1 0.000000
208 160 64 128 1 0.000044
216 160 64 128 1 0.000000
224 160 64 128 1 0.000000
232 160 64 128 1 0.000000
240 160 64 128 1 0.000000
248 160 64 128 1 0.000000
256 160 64 128 1 0.000001
264 160 64 128 1 0.000043
272 160 64 128 1 0.000000
280 160 64 128 1 0.000000
288 160 64 128 1 0.000001
296 160 64 128 1 0.000044
304 160 64 128 1 0.000000
312 160 64 128 1 0.000000
320 160 64 128 1 0.000000
32 168 64 128 1 0.000000
40 168 64 128 1 0.000170
48 168 64 128 1 0.000011
56 168 64 128 1 0.000000
64 168 64 128 1 0.000000
72 168 64 128 1 0.000000
80 168 64 128 1 0.000003
88 168 64 128 1 0.000003
96 168 64 128 1 0.000000
104 168 64 128 1 0.000000
112 168 64 128 1 0.000000
120 168 64 128 1 0.000000
128 168 64 128 1 0.000000
136 168 64 128 1 0.000001
144 168 64 128 1 0.000000
152 168 64 128 1 0.000000
160 168 64 128 1 0.000000
168 168 64 128 1 0.000043
176 168 64 128 1 0.000001
184 168 64 128 1 0.000003
192 168 64 128 1 0.000000
200 168 64 128 1 0.000000
208 168 64 128 1 0.000000
216 168 64 128 1 0.000000
224 168 64 128 1 0.000011
232 168 64 128 1 0.000000
240 168 64 128 1 0.000000
248 168 64 128 1 0.000172
256 168 64 128 1 0.000003
264 168 64 128 1 0.000001
272 168 64 128 1 0.000000
280 168 64 128 1 0.000000
288 168 64 128 1 0.000000
296 168 64 128 1 0.000000
304 168 64 128 1 0.000000
312 168 64 128 1 0.000000
320 168 64 128 1 0.000000
32 176 64 128 1 0.000000
40 176 64 128 1 0.000000
48 176 64 128 1 0.000175
56 176 64 128 1 0.000000
64 176 64 128 1 0.000000
72 176 64 128 1 0.000000
80 176 64 128 1 0.000001
88 176 64 128 1 0.000011
96 176 64 128 1 0.000000
104 176 64 128 1 0.000011
112 176 64 128 1 0.000000
120 176 64 128 1 0.000000
128 176 64 128 1 0.000003
136 176 64 128 1 0.000000
144 176 64 128 1 0.000000
152 176 64 128 1 0.000000
160 176 64 128 1 0.000000
168 176 64 128 1 0.000003
176 176 64 128 1 0.000000
184 176 64 128 1 0.000000
192 176 64 128 1 0.000003
200 176 64 128 1 0.000000
208 176 64 128 1 0.000000
216 176 64 128 1 0.000171
224 176 64 128 1 0.000000
232 176 64 128 1 0.000000
240 176 64 128 1 0.000044
248 176 64 128 1 0.000000
256 176 64 128 1 0.000000
264 176 64 128 1 0.000011
272 176 64 128 1 0.000000
280 176 64 128 1 0.000044
288 176 64 128 1 0.000000
296 176 64 128 1 0.000000
304 176 64 128 1 0.000001
312 176 64 128 1 0.000043
320 176 64 128 1 0.000001
32 184 64 128 1 0.000000
40 184 64 128 1 0.000000
48 184 64 128 1 0.000003
56 184 64 128 1 0.000011
64 184 64 128 1 0.000000
72 184 64 128 1 0.000003
80 184 64 128 1 0.000000
88 184 64 128 1 0.000000
96 184 64 128 1 0.000003
104 184 64 128 1 0.000011
112 184 64 128 1 0.000044
120 184 64 128 1 0.000000
128 184 64 128 1 0.000000
136 184 64 128 1 0.000003
144 184 64 128 1 0.000000
152 184 64 128 1 0.000011
160 184 64 128 1 0.000000
168 184 64 128 1 0.000000
176 184 64 128 1 0.000000
184 184 64 128 1 0.000000
192 184 64 128 1 0.000001
200 184 64 128 1 0.000000
208 184 64 128 1 0.000043
216 184 64 128 1 0.000000
224 184 64 128 1 0.000000
232 184 64 128 1 0.000000
240 184 64 128 1 0.000170
248 184 64 128 1 0.000001
256 184 64 128 1 0.000001
264 184 64 128 1 0.000000
272 184 64 128 1 0.000000
280 184 64 128 1 0.000011
288 184 64 128 1 0.000000
296 184 64 128 1 0.000000
304 184 64 128 1 0.000000
312 184 64 128 1 0.000000
320 184 64 128 1 0.000042
32 192 64 128 1 0.000011
40 192 64 128 1 0.000011
48 192 64 128 1 0.000000
56 192 64 128 1 0.000000
64 192 64 128 1 0.000000
72 192 64 128 1 0.000043
80 192 64 128 1 0.000000
88 192 64 128 1 0.000011
96 192 64 128 1 0.000000
104 192 64 128 1 0.000000
112 192 64 128 1 0.000011
120 192 64 128 1 0.000001
128 192 64 128 1 0.000000
136 192 64 128 1 0.000000
144 192 64 128 1 0.000000
152 192 64 128 1 0.000000
160 192 64 128 1 0.000011
168 192 64 128 1 0.000000
176 192 64 128 1 0.000000
184 192 64 128 1 0.000000
192 192 64 128 1 0.000000
200 192 64 128 1 0.000174
208 192 64 128 1 0.000001
216 192 64 128 1 0.000001
224 192 64 128 1 0.000003
232 192 64 128 1 0.000000
240 192 64 128 1 0.000000
248 192 64 128 1 0.000000
256 192 64 128 1 0.000000
264 192 64 128 1 0.000000
272 192 64 128 1 0.000000
280 192 64 128 1 0.000000
288 192 64 128 1 0.000000
296 192 64 128 1 0.000000
304 192 64 128 1 0.000011
312 192 64 128 1 0.000000
320 192 64 128 1 0.000000
32 200 64 128 1 0.000011
40 200 64 128 1 0.000176
48 200 64 128 1 0.000011
56 200 64 128 1 0.000011
64 200 64 128 1 0.000000
72 200 64 128 1 0.000000
80 200 64 128 1 0.000171
88 200 64 128 1 0.000011
96 200 64 128 1 0.000001
104 200 64 128 1 0.000000
112 200 64 128 1 0.000000
120 200 64 128 1 0.000000
128 200 64 128 1 0.000000
136 200 64 128 1 0.000003
144 200 64 128 1 0.000011
152 200 64 128 1 0.000000
160 200 64 128 1 0.000000
168 200 64 128 1 0.000000
176 200 64 128 1 0.000003
184 200 64 128 1 0.000011
192 200 64 128 1 0.000000
200 200 64 128 1 0.000000
208 200 64 128 1 0.000000
216 200 64 128 1 0.000000
224 200 64 128 1 0.000168
232 200 64 128 1 0.000001
240 200 64 128 1 0.000000
248 200 64 128 1 0.000000
256 200 64 128 1 0.000000
264 200 64 128 1 0.000043
272 200 64 128 1 0.000001
280 200 64 128 1 0.000042
288 200 64 128 1 0.000000
296 200 64 128 1 0.000000
304 200 64 128 1 0.000000
312 200 64 128 1 0.000011
320 200 64 128 1 0.000043
32 208 64 128 1 0.000000
40 208 64 128 1 0.000042
48 208 64 128 1 0.000000
56 208 64 128 1 0.000000
64 208 64 128 1 0.000000
72 208 64 128 1 0.000000
80 208 64 128 1 0.000000
88 208 64 128 1 0.000000
96 208 64 128 1 0.000000
104 208 64 128 1 0.000003
112 208 64 128 1 0.000043
120 208 64 128 1 0.000000
128 208 64 128 1 0.000000
136 208 64 128 1 0.000000
144 208 64 128 1 0.000003
152 208 64 128 1 0.000000
160 208 64 128 1 0.000000
168 208 64 128 1 0.000000
176 208 64 128 1 0.000000
184 208 64 128 1 0.000043
192 208 64 128 1 0.000011
200 208 64 128 1 0.000000
208 208 64 128 1 0.000000
216 208 64 128 1 0.000000
224 208 64 128 1 0.000000
232 208 64 128 1 0.000000
240 208 64 128 1 0.000011
248 208 64 128 1 0.000000
256 208 64 128 1 0.000000
264 208 64 128 1 0.000000
272 208 64 128 1 0.000011
280 208 64 128 1 0.000011
288 208 64 128 1 0.000000
296 208 64 128 1 0.000000
304 208 64 128 1 0.000000
312 208 64 128 1 0.000000
320 208 64 128 1 0.000043
FPS : inf
elapsed secs: 0.000000
error code: 77 description: an illegal memory access was encountered
