32 64 64 128 1 -3.836253
40 64 64 128 1 -3.569898
48 64 64 128 1 -2.869381
56 64 64 128 1 -3.138388
64 64 64 128 1 -3.096836
72 64 64 128 1 -3.068924
80 64 64 128 1 -2.851012
88 64 64 128 1 -3.224092
96 64 64 128 1 -3.505977
104 64 64 128 1 -3.741102
112 64 64 128 1 -3.412456
120 64 64 128 1 -3.800566
128 64 64 128 1 -4.073983
136 64 64 128 1 -4.437047
144 64 64 128 1 -3.929057
152 64 64 128 1 -3.012076
160 64 64 128 1 -3.049933
168 64 64 128 1 -3.323950
176 64 64 128 1 -2.967975
184 64 64 128 1 -3.630376
192 64 64 128 1 -3.628452
200 64 64 128 1 -3.648389
208 64 64 128 1 -3.510586
216 64 64 128 1 -3.579662
224 64 64 128 1 -3.391406
232 64 64 128 1 -3.271468
240 64 64 128 1 -3.294778
248 64 64 128 1 -3.412436
256 64 64 128 1 -3.148906
264 64 64 128 1 -3.209711
272 64 64 128 1 -3.382188
280 64 64 128 1 -3.498098
288 64 64 128 1 -3.578075
296 64 64 128 1 -3.814039
304 64 64 128 1 -3.521696
312 64 64 128 1 -3.358782
320 64 64 128 1 -3.453893
32 72 64 128 1 -3.804700
40 72 64 128 1 -3.562903
48 72 64 128 1 -2.835818
56 72 64 128 1 -2.990253
64 72 64 128 1 -2.994763
72 72 64 128 1 -3.023710
80 72 64 128 1 -3.301182
88 72 64 128 1 -3.036293
96 72 64 128 1 -3.668507
104 72 64 128 1 -3.349989
112 72 64 128 1 -3.292207
120 72 64 128 1 -3.527047
128 72 64 128 1 -3.859610
136 72 64 128 1 -4.096483
144 72 64 128 1 -4.067483
152 72 64 128 1 -3.449314
160 72 64 128 1 -2.996408
168 72 64 128 1 -3.265657
176 72 64 128 1 -3.478473
184 72 64 128 1 -3.665702
192 72 64 128 1 -3.778319
200 72 64 128 1 -3.537445
208 72 64 128 1 -3.462432
216 72 64 128 1 -3.535850
224 72 64 128 1 -3.701210
232 72 64 128 1 -3.261817
240 72 64 128 1 -3.718859
248 72 64 128 1 -3.334012
256 72 64 128 1 -3.634960
264 72 64 128 1 -3.342875
272 72 64 128 1 -3.564423
280 72 64 128 1 -3.131156
288 72 64 128 1 -3.258872
296 72 64 128 1 -3.462099
304 72 64 128 1 -3.301061
312 72 64 128 1 -3.436585
320 72 64 128 1 -3.461440
32 80 64 128 1 -4.164939
40 80 64 128 1 -4.063905
48 80 64 128 1 -3.586638
56 80 64 128 1 -3.421019
64 80 64 128 1 -3.272005
72 80 64 128 1 -3.290912
80 80 64 128 1 -3.716490
88 80 64 128 1 -3.291154
96 80 64 128 1 -3.686260
104 80 64 128 1 -4.001012
112 80 64 128 1 -3.971109
120 80 64 128 1 -3.378558
128 80 64 128 1 -3.232665
136 80 64 128 1 -3.970016
144 80 64 128 1 -4.025256
152 80 64 128 1 -3.998384
160 80 64 128 1 -3.157255
168 80 64 128 1 -3.601990
176 80 64 128 1 -3.410294
184 80 64 128 1 -3.665629
192 80 64 128 1 -3.469586
200 80 64 128 1 -3.336176
208 80 64 128 1 -3.461980
216 80 64 128 1 -3.213134
224 80 64 128 1 -3.322014
232 80 64 128 1 -3.604555
240 80 64 128 1 -3.765077
248 80 64 128 1 -3.507457
256 80 64 128 1 -3.891409
264 80 64 128 1 -3.218315
272 80 64 128 1 -3.670621
280 80 64 128 1 -3.252042
288 80 64 128 1 -2.788831
296 80 64 128 1 -3.515823
304 80 64 128 1 -3.832680
312 80 64 128 1 -3.711982
320 80 64 128 1 -3.417158
32 88 64 128 1 -3.470190
40 88 64 128 1 -3.321513
48 88 64 128 1 -2.791474
56 88 64 128 1 -2.876721
64 88 64 128 1 -2.998964
72 88 64 128 1 -3.222855
80 88 64 128 1 -3.105389
88 88 64 128 1 -2.853487
96 88 64 128 1 -3.140277
104 88 64 128 1 -3.339747
112 88 64 128 1 -3.438765
120 88 64 128 1 -3.067798
128 88 64 128 1 -2.740765
136 88 64 128 1 -3.165202
144 88 64 128 1 -3.762072
152 88 64 128 1 -3.754735
160 88 64 128 1 -3.496874
168 88 64 128 1 -3.094307
176 88 64 128 1 -3.178770
184 88 64 128 1 -3.303519
192 88 64 128 1 -3.370419
200 88 64 128 1 -3.058022
208 88 64 128 1 -2.979861
216 88 64 128 1 -3.111535
224 88 64 128 1 -3.058798
232 88 64 128 1 -3.648720
240 88 64 128 1 -3.630657
248 88 64 128 1 -3.915302
256 88 64 128 1 -3.597558
264 88 64 128 1 -3.538494
272 88 64 128 1 -3.270785
280 88 64 128 1 -3.236347
288 88 64 128 1 -2.711447
296 88 64 128 1 -3.213393
304 88 64 128 1 -3.351932
312 88 64 128 1 -3.740873
320 88 64 128 1 -3.492810
32 96 64 128 1 -2.805755
40 96 64 128 1 -2.899112
48 96 64 128 1 -2.599240
56 96 64 128 1 -2.549159
64 96 64 128 1 -2.370153
72 96 64 128 1 -2.382770
80 96 64 128 1 -2.453939
88 96 64 128 1 -2.510907
96 96 64 128 1 -2.649774
104 96 64 128 1 -2.645353
112 96 64 128 1 -2.939396
120 96 64 128 1 -2.659684
128 96 64 128 1 -2.160486
136 96 64 128 1 -2.615682
144 96 64 128 1 -3.637496
152 96 64 128 1 -3.665409
160 96 64 128 1 -4.165253
168 96 64 128 1 -3.264914
176 96 64 128 1 -2.889956
184 96 64 128 1 -2.784636
192 96 64 128 1 -3.290545
200 96 64 128 1 -3.265887
208 96 64 128 1 -2.809326
216 96 64 128 1 -2.483875
224 96 64 128 1 -2.929396
232 96 64 128 1 -3.236360
240 96 64 128 1 -3.288795
248 96 64 128 1 -3.319856
256 96 64 128 1 -3.615224
264 96 64 128 1 -3.993114
272 96 64 128 1 -3.706931
280 96 64 128 1 -3.391505
288 96 64 128 1 -3.281932
296 96 64 128 1 -3.289494
304 96 64 128 1 -4.002681
312 96 64 128 1 -4.260438
320 96 64 128 1 -3.787544
32 104 64 128 1 -2.917013
40 104 64 128 1 -2.416496
48 104 64 128 1 -2.555119
56 104 64 128 1 -2.050633
64 104 64 128 1 -2.704861
72 104 64 128 1 -2.893214
80 104 64 128 1 -3.087148
88 104 64 128 1 -2.951915
96 104 64 128 1 -2.287970
104 104 64 128 1 -2.922779
112 104 64 128 1 -2.969275
120 104 64 128 1 -3.637129
128 104 64 128 1 -2.971237
136 104 64 128 1 -2.375093
144 104 64 128 1 -3.003065
152 104 64 128 1 -3.655459
160 104 64 128 1 -4.166348
168 104 64 128 1 -3.235765
176 104 64 128 1 -2.380734
184 104 64 128 1 -2.521996
192 104 64 128 1 -3.239578
200 104 64 128 1 -2.942756
208 104 64 128 1 -2.241686
216 104 64 128 1 -2.331583
224 104 64 128 1 -2.737545
232 104 64 128 1 -2.848879
240 104 64 128 1 -3.551098
248 104 64 128 1 -4.034060
256 104 64 128 1 -3.638974
264 104 64 128 1 -3.620864
272 104 64 128 1 -3.872474
280 104 64 128 1 -3.489398
288 104 64 128 1 -3.454399
296 104 64 128 1 -3.057169
304 104 64 128 1 -3.246583
312 104 64 128 1 -3.817757
320 104 64 128 1 -3.901736
32 112 64 128 1 -3.418677
40 112 64 128 1 -2.903396
48 112 64 128 1 -2.666549
56 112 64 128 1 -2.496630
64 112 64 128 1 -3.275788
72 112 64 128 1 -2.538904
80 112 64 128 1 -3.108509
88 112 64 128 1 -2.795938
96 112 64 128 1 -2.802739
104 112 64 128 1 -3.210059
112 112 64 128 1 -2.885426
120 112 64 128 1 -3.321634
128 112 64 128 1 -2.583982
136 112 64 128 1 -2.046091
144 112 64 128 1 -2.428508
152 112 64 128 1 -2.953332
160 112 64 128 1 -3.281868
168 112 64 128 1 -3.152298
176 112 64 128 1 -2.979956
184 112 64 128 1 -2.323534
192 112 64 128 1 -2.539497
200 112 64 128 1 -3.119507
208 112 64 128 1 -3.008360
216 112 64 128 1 -2.323926
224 112 64 128 1 -2.573988
232 112 64 128 1 -2.597502
240 112 64 128 1 -3.125085
248 112 64 128 1 -3.737674
256 112 64 128 1 -3.592839
264 112 64 128 1 -3.968469
272 112 64 128 1 -4.166676
280 112 64 128 1 -3.652571
288 112 64 128 1 -3.246527
296 112 64 128 1 -2.952358
304 112 64 128 1 -3.071379
312 112 64 128 1 -3.489879
320 112 64 128 1 -3.561617
32 120 64 128 1 -3.830582
40 120 64 128 1 -3.658949
48 120 64 128 1 -3.446344
56 120 64 128 1 -3.116076
64 120 64 128 1 -3.355303
72 120 64 128 1 -2.875996
80 120 64 128 1 -2.791358
88 120 64 128 1 -2.775003
96 120 64 128 1 -3.112700
104 120 64 128 1 -2.746490
112 120 64 128 1 -2.370819
120 120 64 128 1 -2.583668
128 120 64 128 1 -2.830295
136 120 64 128 1 -2.347442
144 120 64 128 1 -1.646991
152 120 64 128 1 -2.395409
160 120 64 128 1 -3.159336
168 120 64 128 1 -3.534549
176 120 64 128 1 -2.766477
184 120 64 128 1 -2.251819
192 120 64 128 1 -2.710974
200 120 64 128 1 -2.894143
208 120 64 128 1 -2.821813
216 120 64 128 1 -2.717748
224 120 64 128 1 -2.621462
232 120 64 128 1 -2.318681
240 120 64 128 1 -2.371534
248 120 64 128 1 -2.951231
256 120 64 128 1 -3.465560
264 120 64 128 1 -3.487218
272 120 64 128 1 -3.312299
280 120 64 128 1 -2.976427
288 120 64 128 1 -3.220915
296 120 64 128 1 -3.008492
304 120 64 128 1 -3.046792
312 120 64 128 1 -3.274570
320 120 64 128 1 -3.506442
32 128 64 128 1 -3.948742
40 128 64 128 1 -3.106323
48 128 64 128 1 -2.546834
56 128 64 128 1 -2.713078
64 128 64 128 1 -2.853773
72 128 64 128 1 -1.922170
80 128 64 128 1 -1.760588
88 128 64 128 1 -1.792299
96 128 64 128 1 -2.026136
104 128 64 128 1 -2.007693
112 128 64 128 1 -2.094331
120 128 64 128 1 -2.235866
128 128 64 128 1 -2.291612
136 128 64 128 1 -1.968081
144 128 64 128 1 -2.192430
152 128 64 128 1 -2.263528
160 128 64 128 1 -2.787884
168 128 64 128 1 -3.038082
176 128 64 128 1 -3.054168
184 128 64 128 1 -2.523441
192 128 64 128 1 -2.327931
200 128 64 128 1 -2.314133
208 128 64 128 1 -2.823946
216 128 64 128 1 -2.899987
224 128 64 128 1 -2.477148
232 128 64 128 1 -2.523112
240 128 64 128 1 -2.401466
248 128 64 128 1 -2.495768
256 128 64 128 1 -2.405784
264 128 64 128 1 -3.181679
272 128 64 128 1 -3.165576
280 128 64 128 1 -3.197337
288 128 64 128 1 -2.926044
296 128 64 128 1 -2.829034
304 128 64 128 1 -3.305234
312 128 64 128 1 -3.078300
320 128 64 128 1 -3.188521
32 136 64 128 1 -1.830081
40 136 64 128 1 -1.613462
48 136 64 128 1 -1.409364
56 136 64 128 1 -1.643167
64 136 64 128 1 -1.263268
72 136 64 128 1 -1.376240
80 136 64 128 1 -1.491508
88 136 64 128 1 -1.888755
96 136 64 128 1 -2.085165
104 136 64 128 1 -1.931342
112 136 64 128 1 -2.013043
120 136 64 128 1 -2.077080
128 136 64 128 1 -2.899612
136 136 64 128 1 -2.773283
144 136 64 128 1 -2.433807
152 136 64 128 1 -1.993187
160 136 64 128 1 -2.639104
168 136 64 128 1 -2.701336
176 136 64 128 1 -2.483341
184 136 64 128 1 -1.296508
192 136 64 128 1 -1.645643
200 136 64 128 1 -2.494301
208 136 64 128 1 -2.771529
216 136 64 128 1 -2.922813
224 136 64 128 1 -2.489110
232 136 64 128 1 -2.562222
240 136 64 128 1 -2.306887
248 136 64 128 1 -1.761056
256 136 64 128 1 -2.738622
264 136 64 128 1 -2.907708
272 136 64 128 1 -3.210860
280 136 64 128 1 -3.095707
288 136 64 128 1 -2.532040
296 136 64 128 1 -2.763945
304 136 64 128 1 -3.009381
312 136 64 128 1 -2.634858
320 136 64 128 1 -2.854307
32 144 64 128 1 -1.692198
40 144 64 128 1 -1.677385
48 144 64 128 1 -1.765264
56 144 64 128 1 -2.005083
64 144 64 128 1 -2.171140
72 144 64 128 1 -2.175189
80 144 64 128 1 -2.170299
88 144 64 128 1 -2.426425
96 144 64 128 1 -2.017483
104 144 64 128 1 -2.808809
112 144 64 128 1 -2.451278
120 144 64 128 1 -2.556021
128 144 64 128 1 -2.671164
136 144 64 128 1 -2.106317
144 144 64 128 1 -2.010939
152 144 64 128 1 -2.313089
160 144 64 128 1 -2.676880
168 144 64 128 1 -2.494778
176 144 64 128 1 -2.086164
184 144 64 128 1 -2.228400
192 144 64 128 1 -1.839464
200 144 64 128 1 -1.845994
208 144 64 128 1 -2.231330
216 144 64 128 1 -2.775870
224 144 64 128 1 -2.532281
232 144 64 128 1 -2.586120
240 144 64 128 1 -2.291066
248 144 64 128 1 -2.003371
256 144 64 128 1 -2.351543
264 144 64 128 1 -2.219649
272 144 64 128 1 -2.322005
280 144 64 128 1 -2.537351
288 144 64 128 1 -2.535101
296 144 64 128 1 -2.532922
304 144 64 128 1 -3.516491
312 144 64 128 1 -3.176923
320 144 64 128 1 -2.830402
32 152 64 128 1 -2.535601
40 152 64 128 1 -2.024771
48 152 64 128 1 -2.276243
56 152 64 128 1 -2.547904
64 152 64 128 1 -2.238134
72 152 64 128 1 -2.362642
80 152 64 128 1 -2.068287
88 152 64 128 1 -2.444012
96 152 64 128 1 -2.449771
104 152 64 128 1 -2.560912
112 152 64 128 1 -2.267261
120 152 64 128 1 -2.603704
128 152 64 128 1 -2.805665
136 152 64 128 1 -2.665897
144 152 64 128 1 -2.478141
152 152 64 128 1 -2.330442
160 152 64 128 1 -2.196419
168 152 64 128 1 -2.534763
176 152 64 128 1 -2.263406
184 152 64 128 1 -2.329034
192 152 64 128 1 -1.835827
200 152 64 128 1 -2.174385
208 152 64 128 1 -2.381410
216 152 64 128 1 -2.846272
224 152 64 128 1 -2.976074
232 152 64 128 1 -2.624410
240 152 64 128 1 -2.033187
248 152 64 128 1 -1.768021
256 152 64 128 1 -1.548081
264 152 64 128 1 -2.092387
272 152 64 128 1 -2.401538
280 152 64 128 1 -2.433869
288 152 64 128 1 -2.542134
296 152 64 128 1 -2.940941
304 152 64 128 1 -2.857965
312 152 64 128 1 -3.000323
320 152 64 128 1 -2.800953
32 160 64 128 1 -3.115026
40 160 64 128 1 -3.151693
48 160 64 128 1 -3.090833
56 160 64 128 1 -2.610906
64 160 64 128 1 -1.745052
72 160 64 128 1 -1.427949
80 160 64 128 1 -1.351898
88 160 64 128 1 -1.806538
96 160 64 128 1 -1.286667
104 160 64 128 1 -1.508852
112 160 64 128 1 -1.832677
120 160 64 128 1 -2.506024
128 160 64 128 1 -2.709786
136 160 64 128 1 -2.519705
144 160 64 128 1 -2.530578
152 160 64 128 1 -2.616353
160 160 64 128 1 -2.539662
168 160 64 128 1 -2.116083
176 160 64 128 1 -1.951051
184 160 64 128 1 -1.800229
192 160 64 128 1 -2.224426
200 160 64 128 1 -2.512920
208 160 64 128 1 -2.344545
216 160 64 128 1 -2.593381
224 160 64 128 1 -2.745777
232 160 64 128 1 -2.697251
240 160 64 128 1 -2.613800
248 160 64 128 1 -2.323952
256 160 64 128 1 -2.145720
264 160 64 128 1 -2.136514
272 160 64 128 1 -2.062290
280 160 64 128 1 -2.380326
288 160 64 128 1 -2.548947
296 160 64 128 1 -2.310135
304 160 64 128 1 -2.450708
312 160 64 128 1 -3.176678
320 160 64 128 1 -3.124541
32 168 64 128 1 -3.005962
40 168 64 128 1 -2.875605
48 168 64 128 1 -2.346681
56 168 64 128 1 -2.354193
64 168 64 128 1 -1.722939
72 168 64 128 1 -1.962654
80 168 64 128 1 -1.999932
88 168 64 128 1 -2.087040
96 168 64 128 1 -2.284428
104 168 64 128 1 -2.456144
112 168 64 128 1 -2.513042
120 168 64 128 1 -2.665139
128 168 64 128 1 -2.606198
136 168 64 128 1 -2.308052
144 168 64 128 1 -2.695235
152 168 64 128 1 -2.258522
160 168 64 128 1 -1.763072
168 168 64 128 1 -0.885847
176 168 64 128 1 -1.642050
184 168 64 128 1 -1.753993
192 168 64 128 1 -1.765906
200 168 64 128 1 -2.256362
208 168 64 128 1 -2.136939
216 168 64 128 1 -2.423296
224 168 64 128 1 -2.244937
232 168 64 128 1 -2.552008
240 168 64 128 1 -2.670538
248 168 64 128 1 -2.439550
256 168 64 128 1 -2.270839
264 168 64 128 1 -1.806589
272 168 64 128 1 -1.834414
280 168 64 128 1 -2.084063
288 168 64 128 1 -2.209981
296 168 64 128 1 -2.097697
304 168 64 128 1 -2.452064
312 168 64 128 1 -2.123278
320 168 64 128 1 -2.155295
32 176 64 128 1 -2.504797
40 176 64 128 1 -2.589247
48 176 64 128 1 -2.541145
56 176 64 128 1 -2.559523
64 176 64 128 1 -2.531636
72 176 64 128 1 -2.670609
80 176 64 128 1 -2.672076
88 176 64 128 1 -2.950015
96 176 64 128 1 -2.534126
104 176 64 128 1 -2.043078
112 176 64 128 1 -2.350893
120 176 64 128 1 -1.701367
128 176 64 128 1 -1.917545
136 176 64 128 1 -1.692484
144 176 64 128 1 -1.621340
152 176 64 128 1 -1.408993
160 176 64 128 1 -1.414658
168 176 64 128 1 -1.496970
176 176 64 128 1 -1.744383
184 176 64 128 1 -2.124919
192 176 64 128 1 -2.582676
200 176 64 128 1 -2.373226
208 176 64 128 1 -2.639649
216 176 64 128 1 -2.170599
224 176 64 128 1 -2.550055
232 176 64 128 1 -2.381386
240 176 64 128 1 -2.166423
248 176 64 128 1 -2.266937
256 176 64 128 1 -2.395838
264 176 64 128 1 -2.540863
272 176 64 128 1 -2.438766
280 176 64 128 1 -2.357959
288 176 64 128 1 -2.509930
296 176 64 128 1 -1.986407
304 176 64 128 1 -1.817911
312 176 64 128 1 -2.006947
320 176 64 128 1 -2.549523
32 184 64 128 1 -2.951143
40 184 64 128 1 -2.365466
48 184 64 128 1 -1.963338
56 184 64 128 1 -1.534661
64 184 64 128 1 -1.311152
72 184 64 128 1 -1.473689
80 184 64 128 1 -1.815505
88 184 64 128 1 -1.334536
96 184 64 128 1 -1.053877
104 184 64 128 1 -0.935473
112 184 64 128 1 -1.326179
120 184 64 128 1 -1.093791
128 184 64 128 1 -1.169126
136 184 64 128 1 -1.407992
144 184 64 128 1 -2.274004
152 184 64 128 1 -2.353378
160 184 64 128 1 -2.430978
168 184 64 128 1 -1.944424
176 184 64 128 1 -1.918381
184 184 64 128 1 -2.271994
192 184 64 128 1 -2.538831
200 184 64 128 1 -2.727577
208 184 64 128 1 -2.418635
216 184 64 128 1 -1.918640
224 184 64 128 1 -2.142936
232 184 64 128 1 -2.040645
240 184 64 128 1 -2.205748
248 184 64 128 1 -2.615309
256 184 64 128 1 -2.838770
264 184 64 128 1 -2.099597
272 184 64 128 1 -2.092310
280 184 64 128 1 -2.099264
288 184 64 128 1 -1.774209
296 184 64 128 1 -1.488133
304 184 64 128 1 -1.816958
312 184 64 128 1 -2.349623
320 184 64 128 1 -2.651636
32 192 64 128 1 -3.113145
40 192 64 128 1 -2.604276
48 192 64 128 1 -2.562445
56 192 64 128 1 -2.277603
64 192 64 128 1 -2.210860
72 192 64 128 1 -2.353946
80 192 64 128 1 -2.367370
88 192 64 128 1 -2.241321
96 192 64 128 1 -2.541726
104 192 64 128 1 -2.287568
112 192 64 128 1 -2.365690
120 192 64 128 1 -2.241966
128 192 64 128 1 -2.376967
136 192 64 128 1 -2.758068
144 192 64 128 1 -3.034410
152 192 64 128 1 -2.954668
160 192 64 128 1 -2.757401
168 192 64 128 1 -2.555251
176 192 64 128 1 -2.398869
184 192 64 128 1 -2.540638
192 192 64 128 1 -2.548927
200 192 64 128 1 -1.878492
208 192 64 128 1 -2.191330
216 192 64 128 1 -2.458823
224 192 64 128 1 -2.553858
232 192 64 128 1 -2.532567
240 192 64 128 1 -2.274674
248 192 64 128 1 -2.337227
256 192 64 128 1 -2.061295
264 192 64 128 1 -2.146820
272 192 64 128 1 -2.152148
280 192 64 128 1 -2.165551
288 192 64 128 1 -1.913182
296 192 64 128 1 -1.656998
304 192 64 128 1 -1.790100
312 192 64 128 1 -2.298887
320 192 64 128 1 -2.824400
32 200 64 128 1 -2.322933
40 200 64 128 1 -2.523328
48 200 64 128 1 -2.488915
56 200 64 128 1 -1.987953
64 200 64 128 1 -1.953416
72 200 64 128 1 -2.127661
80 200 64 128 1 -2.592198
88 200 64 128 1 -2.418874
96 200 64 128 1 -2.146235
104 200 64 128 1 -2.033370
112 200 64 128 1 -2.226784
120 200 64 128 1 -2.103298
128 200 64 128 1 -1.945210
136 200 64 128 1 -2.080860
144 200 64 128 1 -2.427943
152 200 64 128 1 -2.574459
160 200 64 128 1 -2.284695
168 200 64 128 1 -2.597312
176 200 64 128 1 -2.020526
184 200 64 128 1 -1.689690
192 200 64 128 1 -2.193871
200 200 64 128 1 -1.765991
208 200 64 128 1 -2.180134
216 200 64 128 1 -1.663419
224 200 64 128 1 -1.779650
232 200 64 128 1 -2.049084
240 200 64 128 1 -2.240182
248 200 64 128 1 -2.566229
256 200 64 128 1 -2.719727
264 200 64 128 1 -2.293851
272 200 64 128 1 -1.951051
280 200 64 128 1 -1.941186
288 200 64 128 1 -2.232025
296 200 64 128 1 -1.585157
304 200 64 128 1 -1.560449
312 200 64 128 1 -2.320294
320 200 64 128 1 -2.855738
32 208 64 128 1 -3.207201
40 208 64 128 1 -2.482749
48 208 64 128 1 -2.543382
56 208 64 128 1 -2.183233
64 208 64 128 1 -2.747666
72 208 64 128 1 -3.025759
80 208 64 128 1 -2.872757
88 208 64 128 1 -2.942437
96 208 64 128 1 -3.047347
104 208 64 128 1 -3.264254
112 208 64 128 1 -3.386165
120 208 64 128 1 -3.204872
128 208 64 128 1 -2.815139
136 208 64 128 1 -2.668612
144 208 64 128 1 -2.787184
152 208 64 128 1 -2.587806
160 208 64 128 1 -2.807938
168 208 64 128 1 -2.743413
176 208 64 128 1 -2.671996
184 208 64 128 1 -2.562537
192 208 64 128 1 -2.979882
200 208 64 128 1 -2.681121
208 208 64 128 1 -2.588034
216 208 64 128 1 -2.853139
224 208 64 128 1 -2.538678
232 208 64 128 1 -2.476474
240 208 64 128 1 -1.849764
248 208 64 128 1 -1.525555
256 208 64 128 1 -1.917145
264 208 64 128 1 -2.135085
272 208 64 128 1 -2.038374
280 208 64 128 1 -2.145583
288 208 64 128 1 -2.114643
296 208 64 128 1 -1.816770
304 208 64 128 1 -2.061502
312 208 64 128 1 -2.695358
320 208 64 128 1 -3.258491
FPS : inf
elapsed secs: 0.000000
