READING PARAMETERS FILE....
INITIALIZING ACQUISITION....
Number of scales: 1
SETTING UP ALGORITHMS....
Init device HOG-LBP
Init device SVM
SETTING UP CUDA ENVIRONMENT....
--------- CUDA DEVICE PROPERTIES ---------
	 Device: GeForce GTX 960
	 Compute Capability: 5
	 SMs: 8
------------------------------------------
32 64 64 128 1 -3.229079
40 64 64 128 1 -3.140841
48 64 64 128 1 -3.083147
56 64 64 128 1 -3.043341
64 64 64 128 1 -3.087893
72 64 64 128 1 -3.206780
80 64 64 128 1 -3.260919
88 64 64 128 1 -3.150102
96 64 64 128 1 -3.205591
104 64 64 128 1 -3.420854
112 64 64 128 1 -3.471396
120 64 64 128 1 -3.437989
128 64 64 128 1 -3.335181
136 64 64 128 1 -3.349119
144 64 64 128 1 -3.476719
152 64 64 128 1 -3.605204
160 64 64 128 1 -3.641201
168 64 64 128 1 -3.526582
176 64 64 128 1 -3.420705
184 64 64 128 1 -3.490707
192 64 64 128 1 -3.630786
200 64 64 128 1 -3.619071
208 64 64 128 1 -3.383669
216 64 64 128 1 -3.167176
224 64 64 128 1 -3.252511
232 64 64 128 1 -3.396220
240 64 64 128 1 -3.493791
248 64 64 128 1 -3.521127
256 64 64 128 1 -3.479930
264 64 64 128 1 -3.510871
272 64 64 128 1 -3.581009
280 64 64 128 1 -3.583539
288 64 64 128 1 -3.577921
296 64 64 128 1 -3.577921
304 64 64 128 1 -3.577921
312 64 64 128 1 -3.577921
320 64 64 128 1 -3.577921
32 72 64 128 1 -3.134900
40 72 64 128 1 -3.056509
48 72 64 128 1 -2.932089
56 72 64 128 1 -2.965333
64 72 64 128 1 -3.175377
72 72 64 128 1 -3.161205
80 72 64 128 1 -3.029765
88 72 64 128 1 -2.994839
96 72 64 128 1 -3.148689
104 72 64 128 1 -3.322677
112 72 64 128 1 -3.318100
120 72 64 128 1 -3.282415
128 72 64 128 1 -3.252719
136 72 64 128 1 -3.276388
144 72 64 128 1 -3.302063
152 72 64 128 1 -3.368189
160 72 64 128 1 -3.449248
168 72 64 128 1 -3.466744
176 72 64 128 1 -3.500548
184 72 64 128 1 -3.583500
192 72 64 128 1 -3.670222
200 72 64 128 1 -3.554138
208 72 64 128 1 -3.237231
216 72 64 128 1 -3.012526
224 72 64 128 1 -3.075904
232 72 64 128 1 -3.202002
240 72 64 128 1 -3.381098
248 72 64 128 1 -3.554159
256 72 64 128 1 -3.553406
264 72 64 128 1 -3.491411
272 72 64 128 1 -3.467663
280 72 64 128 1 -3.485168
288 72 64 128 1 -3.520177
296 72 64 128 1 -3.540565
304 72 64 128 1 -3.565729
312 72 64 128 1 -3.575865
320 72 64 128 1 -3.578571
32 80 64 128 1 -2.824479
40 80 64 128 1 -2.861467
48 80 64 128 1 -2.716808
56 80 64 128 1 -2.686433
64 80 64 128 1 -2.901043
72 80 64 128 1 -2.744190
80 80 64 128 1 -2.540419
88 80 64 128 1 -2.660161
96 80 64 128 1 -2.966259
104 80 64 128 1 -3.115180
112 80 64 128 1 -3.051621
120 80 64 128 1 -3.070569
128 80 64 128 1 -3.159092
136 80 64 128 1 -3.277564
144 80 64 128 1 -3.352953
152 80 64 128 1 -3.273612
160 80 64 128 1 -3.277214
168 80 64 128 1 -3.454258
176 80 64 128 1 -3.631086
184 80 64 128 1 -3.637264
192 80 64 128 1 -3.534549
200 80 64 128 1 -3.242455
208 80 64 128 1 -2.956818
216 80 64 128 1 -2.871217
224 80 64 128 1 -2.955748
232 80 64 128 1 -3.083579
240 80 64 128 1 -3.302679
248 80 64 128 1 -3.484141
256 80 64 128 1 -3.544321
264 80 64 128 1 -3.510792
272 80 64 128 1 -3.455633
280 80 64 128 1 -3.467474
288 80 64 128 1 -3.445785
296 80 64 128 1 -3.458582
304 80 64 128 1 -3.514228
312 80 64 128 1 -3.525637
320 80 64 128 1 -3.536968
32 88 64 128 1 -2.965029
40 88 64 128 1 -3.050364
48 88 64 128 1 -2.872999
56 88 64 128 1 -2.628059
64 88 64 128 1 -2.761823
72 88 64 128 1 -2.610778
80 88 64 128 1 -2.481724
88 88 64 128 1 -2.752348
96 88 64 128 1 -3.092339
104 88 64 128 1 -3.104526
112 88 64 128 1 -2.944430
120 88 64 128 1 -3.063875
128 88 64 128 1 -3.219379
136 88 64 128 1 -3.476503
144 88 64 128 1 -3.624022
152 88 64 128 1 -3.330740
160 88 64 128 1 -3.163896
168 88 64 128 1 -3.421700
176 88 64 128 1 -3.604990
184 88 64 128 1 -3.530249
192 88 64 128 1 -3.300392
200 88 64 128 1 -3.064883
208 88 64 128 1 -2.991009
216 88 64 128 1 -2.899646
224 88 64 128 1 -2.950150
232 88 64 128 1 -3.076912
240 88 64 128 1 -3.125968
248 88 64 128 1 -3.105892
256 88 64 128 1 -3.257918
264 88 64 128 1 -3.478267
272 88 64 128 1 -3.568864
280 88 64 128 1 -3.584373
288 88 64 128 1 -3.485354
296 88 64 128 1 -3.452025
304 88 64 128 1 -3.536738
312 88 64 128 1 -3.570411
320 88 64 128 1 -3.632318
32 96 64 128 1 -2.640499
40 96 64 128 1 -2.695087
48 96 64 128 1 -2.628356
56 96 64 128 1 -2.508371
64 96 64 128 1 -2.769467
72 96 64 128 1 -2.621352
80 96 64 128 1 -2.633091
88 96 64 128 1 -3.044650
96 96 64 128 1 -3.281191
104 96 64 128 1 -3.195487
112 96 64 128 1 -3.029753
120 96 64 128 1 -3.114586
128 96 64 128 1 -3.176719
136 96 64 128 1 -3.319221
144 96 64 128 1 -3.514983
152 96 64 128 1 -3.337162
160 96 64 128 1 -3.167631
168 96 64 128 1 -3.359075
176 96 64 128 1 -3.497848
184 96 64 128 1 -3.341998
192 96 64 128 1 -3.054224
200 96 64 128 1 -2.954909
208 96 64 128 1 -3.158963
216 96 64 128 1 -3.084684
224 96 64 128 1 -3.042935
232 96 64 128 1 -3.131319
240 96 64 128 1 -3.044485
248 96 64 128 1 -2.943744
256 96 64 128 1 -3.149873
264 96 64 128 1 -3.404735
272 96 64 128 1 -3.507735
280 96 64 128 1 -3.604731
288 96 64 128 1 -3.610291
296 96 64 128 1 -3.554691
304 96 64 128 1 -3.553316
312 96 64 128 1 -3.548497
320 96 64 128 1 -3.584695
32 104 64 128 1 -2.144413
40 104 64 128 1 -2.068881
48 104 64 128 1 -2.048920
56 104 64 128 1 -2.267135
64 104 64 128 1 -2.710585
72 104 64 128 1 -2.550473
80 104 64 128 1 -2.506076
88 104 64 128 1 -2.831994
96 104 64 128 1 -3.072519
104 104 64 128 1 -3.126208
112 104 64 128 1 -2.983897
120 104 64 128 1 -2.901596
128 104 64 128 1 -2.939909
136 104 64 128 1 -3.023716
144 104 64 128 1 -3.211830
152 104 64 128 1 -3.239721
160 104 64 128 1 -3.185638
168 104 64 128 1 -3.283563
176 104 64 128 1 -3.369805
184 104 64 128 1 -3.221007
192 104 64 128 1 -2.914845
200 104 64 128 1 -2.849799
208 104 64 128 1 -3.109734
216 104 64 128 1 -3.175771
224 104 64 128 1 -3.029236
232 104 64 128 1 -3.022117
240 104 64 128 1 -3.058428
248 104 64 128 1 -3.085045
256 104 64 128 1 -3.287388
264 104 64 128 1 -3.344596
272 104 64 128 1 -3.278123
280 104 64 128 1 -3.428750
288 104 64 128 1 -3.578002
296 104 64 128 1 -3.600939
304 104 64 128 1 -3.512412
312 104 64 128 1 -3.405979
320 104 64 128 1 -3.343713
32 112 64 128 1 -2.270982
40 112 64 128 1 -2.356203
48 112 64 128 1 -2.153582
56 112 64 128 1 -2.211869
64 112 64 128 1 -2.545521
72 112 64 128 1 -2.438999
80 112 64 128 1 -2.390950
88 112 64 128 1 -2.579328
96 112 64 128 1 -2.760779
104 112 64 128 1 -2.931949
112 112 64 128 1 -2.708253
120 112 64 128 1 -2.486564
128 112 64 128 1 -2.662571
136 112 64 128 1 -2.776838
144 112 64 128 1 -2.862200
152 112 64 128 1 -2.935596
160 112 64 128 1 -2.941607
168 112 64 128 1 -3.005538
176 112 64 128 1 -3.134312
184 112 64 128 1 -3.135001
192 112 64 128 1 -2.974172
200 112 64 128 1 -2.976809
208 112 64 128 1 -3.074917
216 112 64 128 1 -3.144637
224 112 64 128 1 -2.994137
232 112 64 128 1 -2.890667
240 112 64 128 1 -3.036703
248 112 64 128 1 -3.150249
256 112 64 128 1 -3.296765
264 112 64 128 1 -3.264015
272 112 64 128 1 -3.114249
280 112 64 128 1 -3.268305
288 112 64 128 1 -3.481708
296 112 64 128 1 -3.562537
304 112 64 128 1 -3.480018
312 112 64 128 1 -3.394365
320 112 64 128 1 -3.342594
32 120 64 128 1 -1.931011
40 120 64 128 1 -2.442490
48 120 64 128 1 -2.377996
56 120 64 128 1 -2.234343
64 120 64 128 1 -2.204286
72 120 64 128 1 -2.077694
80 120 64 128 1 -2.380492
88 120 64 128 1 -2.697270
96 120 64 128 1 -2.598913
104 120 64 128 1 -2.699789
112 120 64 128 1 -2.595098
120 120 64 128 1 -2.241310
128 120 64 128 1 -2.254705
136 120 64 128 1 -2.344545
144 120 64 128 1 -2.516313
152 120 64 128 1 -2.739438
160 120 64 128 1 -2.597219
168 120 64 128 1 -2.620736
176 120 64 128 1 -2.981844
184 120 64 128 1 -3.231833
192 120 64 128 1 -3.206266
200 120 64 128 1 -3.193458
208 120 64 128 1 -3.114825
216 120 64 128 1 -3.130407
224 120 64 128 1 -3.002372
232 120 64 128 1 -2.868778
240 120 64 128 1 -3.020086
248 120 64 128 1 -3.134832
256 120 64 128 1 -3.266293
264 120 64 128 1 -3.317240
272 120 64 128 1 -3.278339
280 120 64 128 1 -3.404980
288 120 64 128 1 -3.523358
296 120 64 128 1 -3.542830
304 120 64 128 1 -3.425479
312 120 64 128 1 -3.352658
320 120 64 128 1 -3.339698
32 128 64 128 1 -1.387316
40 128 64 128 1 -2.161246
48 128 64 128 1 -2.519459
56 128 64 128 1 -2.386798
64 128 64 128 1 -1.899889
72 128 64 128 1 -1.607572
80 128 64 128 1 -2.161833
88 128 64 128 1 -2.497414
96 128 64 128 1 -2.040150
104 128 64 128 1 -2.075205
112 128 64 128 1 -2.304348
120 128 64 128 1 -1.992484
128 128 64 128 1 -1.867798
136 128 64 128 1 -2.054316
144 128 64 128 1 -2.524619
152 128 64 128 1 -3.036543
160 128 64 128 1 -2.780727
168 128 64 128 1 -2.647415
176 128 64 128 1 -2.985096
184 128 64 128 1 -3.298666
192 128 64 128 1 -3.429816
200 128 64 128 1 -3.297673
208 128 64 128 1 -3.008281
216 128 64 128 1 -2.899293
224 128 64 128 1 -2.846241
232 128 64 128 1 -2.894567
240 128 64 128 1 -3.050462
248 128 64 128 1 -3.065303
256 128 64 128 1 -3.180237
264 128 64 128 1 -3.300641
272 128 64 128 1 -3.337425
280 128 64 128 1 -3.356102
288 128 64 128 1 -3.459325
296 128 64 128 1 -3.458768
304 128 64 128 1 -3.316543
312 128 64 128 1 -3.224099
320 128 64 128 1 -3.191259
32 136 64 128 1 -1.382257
40 136 64 128 1 -1.989997
48 136 64 128 1 -2.510761
56 136 64 128 1 -2.391734
64 136 64 128 1 -1.781425
72 136 64 128 1 -1.554167
80 136 64 128 1 -1.989205
88 136 64 128 1 -2.001435
96 136 64 128 1 -1.468041
104 136 64 128 1 -1.491439
112 136 64 128 1 -1.789928
120 136 64 128 1 -1.718881
128 136 64 128 1 -1.745511
136 136 64 128 1 -1.921726
144 136 64 128 1 -2.324179
152 136 64 128 1 -3.131063
160 136 64 128 1 -3.146778
168 136 64 128 1 -2.857677
176 136 64 128 1 -2.825568
184 136 64 128 1 -2.999512
192 136 64 128 1 -3.298435
200 136 64 128 1 -3.213714
208 136 64 128 1 -2.634292
216 136 64 128 1 -2.345828
224 136 64 128 1 -2.627180
232 136 64 128 1 -2.992030
240 136 64 128 1 -2.989285
248 136 64 128 1 -2.870232
256 136 64 128 1 -2.957618
264 136 64 128 1 -3.057995
272 136 64 128 1 -3.046734
280 136 64 128 1 -3.099848
288 136 64 128 1 -3.417944
296 136 64 128 1 -3.511515
304 136 64 128 1 -3.364567
312 136 64 128 1 -3.215375
320 136 64 128 1 -3.033493
32 144 64 128 1 -1.630004
40 144 64 128 1 -1.775654
48 144 64 128 1 -2.090657
56 144 64 128 1 -2.066497
64 144 64 128 1 -1.826455
72 144 64 128 1 -1.996461
80 144 64 128 1 -2.125137
88 144 64 128 1 -1.828209
96 144 64 128 1 -1.462787
104 144 64 128 1 -1.377012
112 144 64 128 1 -1.489950
120 144 64 128 1 -1.603925
128 144 64 128 1 -1.725728
136 144 64 128 1 -1.600249
144 144 64 128 1 -1.723298
152 144 64 128 1 -2.688187
160 144 64 128 1 -3.193624
168 144 64 128 1 -2.884301
176 144 64 128 1 -2.516801
184 144 64 128 1 -2.598002
192 144 64 128 1 -2.931824
200 144 64 128 1 -2.996967
208 144 64 128 1 -2.353906
216 144 64 128 1 -1.973669
224 144 64 128 1 -2.408681
232 144 64 128 1 -2.882417
240 144 64 128 1 -2.828516
248 144 64 128 1 -2.717841
256 144 64 128 1 -2.794551
264 144 64 128 1 -2.897619
272 144 64 128 1 -2.921639
280 144 64 128 1 -3.065408
288 144 64 128 1 -3.473922
296 144 64 128 1 -3.636114
304 144 64 128 1 -3.525366
312 144 64 128 1 -3.354956
320 144 64 128 1 -3.007509
32 152 64 128 1 -1.682172
40 152 64 128 1 -1.519343
48 152 64 128 1 -1.943703
56 152 64 128 1 -2.111905
64 152 64 128 1 -2.062387
72 152 64 128 1 -2.381603
80 152 64 128 1 -2.088354
88 152 64 128 1 -1.754962
96 152 64 128 1 -1.705323
104 152 64 128 1 -1.361548
112 152 64 128 1 -1.253480
120 152 64 128 1 -1.591944
128 152 64 128 1 -1.798846
136 152 64 128 1 -1.471236
144 152 64 128 1 -1.315923
152 152 64 128 1 -2.062602
160 152 64 128 1 -2.922250
168 152 64 128 1 -2.761595
176 152 64 128 1 -2.174324
184 152 64 128 1 -2.199946
192 152 64 128 1 -2.560077
200 152 64 128 1 -2.601408
208 152 64 128 1 -2.101121
216 152 64 128 1 -1.766301
224 152 64 128 1 -1.902030
232 152 64 128 1 -2.218004
240 152 64 128 1 -2.442631
248 152 64 128 1 -2.594933
256 152 64 128 1 -2.640593
264 152 64 128 1 -2.711810
272 152 64 128 1 -2.893604
280 152 64 128 1 -2.987056
288 152 64 128 1 -3.253263
296 152 64 128 1 -3.370517
304 152 64 128 1 -3.346587
312 152 64 128 1 -3.358308
320 152 64 128 1 -3.043713
32 160 64 128 1 -1.743909
40 160 64 128 1 -1.375816
48 160 64 128 1 -1.974182
56 160 64 128 1 -2.221659
64 160 64 128 1 -2.000266
72 160 64 128 1 -2.194393
80 160 64 128 1 -1.880941
88 160 64 128 1 -1.895271
96 160 64 128 1 -2.254512
104 160 64 128 1 -1.806958
112 160 64 128 1 -1.331170
120 160 64 128 1 -1.617113
128 160 64 128 1 -2.024573
136 160 64 128 1 -1.622668
144 160 64 128 1 -1.105060
152 160 64 128 1 -1.548267
160 160 64 128 1 -2.439132
168 160 64 128 1 -2.444255
176 160 64 128 1 -1.908179
184 160 64 128 1 -1.948717
192 160 64 128 1 -2.241078
200 160 64 128 1 -2.154679
208 160 64 128 1 -1.856614
216 160 64 128 1 -1.804726
224 160 64 128 1 -1.739141
232 160 64 128 1 -1.798945
240 160 64 128 1 -2.128541
248 160 64 128 1 -2.337935
256 160 64 128 1 -2.415008
264 160 64 128 1 -2.606896
272 160 64 128 1 -2.827094
280 160 64 128 1 -2.871477
288 160 64 128 1 -3.022713
296 160 64 128 1 -2.982147
304 160 64 128 1 -2.975045
312 160 64 128 1 -3.050681
320 160 64 128 1 -2.775725
32 168 64 128 1 -1.938800
40 168 64 128 1 -1.517972
48 168 64 128 1 -2.023326
56 168 64 128 1 -2.059743
64 168 64 128 1 -1.712636
72 168 64 128 1 -1.871655
80 168 64 128 1 -1.797271
88 168 64 128 1 -2.011907
96 168 64 128 1 -2.545836
104 168 64 128 1 -2.271900
112 168 64 128 1 -1.749541
120 168 64 128 1 -1.892304
128 168 64 128 1 -2.172037
136 168 64 128 1 -1.682662
144 168 64 128 1 -1.113101
152 168 64 128 1 -1.398724
160 168 64 128 1 -2.038001
168 168 64 128 1 -2.217967
176 168 64 128 1 -1.863111
184 168 64 128 1 -1.905680
192 168 64 128 1 -2.057605
200 168 64 128 1 -1.921320
208 168 64 128 1 -1.814971
216 168 64 128 1 -1.985357
224 168 64 128 1 -1.932301
232 168 64 128 1 -1.890373
240 168 64 128 1 -2.100283
248 168 64 128 1 -2.124301
256 168 64 128 1 -2.162100
264 168 64 128 1 -2.534270
272 168 64 128 1 -2.812494
280 168 64 128 1 -2.902066
288 168 64 128 1 -2.954926
296 168 64 128 1 -2.667311
304 168 64 128 1 -2.629315
312 168 64 128 1 -2.715311
320 168 64 128 1 -2.619044
32 176 64 128 1 -1.658198
40 176 64 128 1 -1.549333
48 176 64 128 1 -1.990073
56 176 64 128 1 -1.961567
64 176 64 128 1 -1.804692
72 176 64 128 1 -2.004074
80 176 64 128 1 -1.940701
88 176 64 128 1 -1.987391
96 176 64 128 1 -2.263578
104 176 64 128 1 -2.236726
112 176 64 128 1 -2.111222
120 176 64 128 1 -2.233284
128 176 64 128 1 -2.209820
136 176 64 128 1 -1.749005
144 176 64 128 1 -1.388547
152 176 64 128 1 -1.369966
160 176 64 128 1 -1.736493
168 176 64 128 1 -2.047197
176 176 64 128 1 -1.671329
184 176 64 128 1 -1.729445
192 176 64 128 1 -2.060170
200 176 64 128 1 -2.013612
208 176 64 128 1 -1.915837
216 176 64 128 1 -1.939906
224 176 64 128 1 -1.856293
232 176 64 128 1 -1.868006
240 176 64 128 1 -2.037807
248 176 64 128 1 -1.941967
256 176 64 128 1 -1.790153
264 176 64 128 1 -2.036506
272 176 64 128 1 -2.503057
280 176 64 128 1 -2.780542
288 176 64 128 1 -2.714714
296 176 64 128 1 -2.368484
304 176 64 128 1 -2.400111
312 176 64 128 1 -2.496530
320 176 64 128 1 -2.543655
32 184 64 128 1 -1.420840
40 184 64 128 1 -1.431365
48 184 64 128 1 -1.851734
56 184 64 128 1 -1.892015
64 184 64 128 1 -1.821158
72 184 64 128 1 -1.902228
80 184 64 128 1 -1.823864
88 184 64 128 1 -1.736401
96 184 64 128 1 -1.610787
104 184 64 128 1 -1.694020
112 184 64 128 1 -1.969864
120 184 64 128 1 -2.020919
128 184 64 128 1 -1.692515
136 184 64 128 1 -1.361524
144 184 64 128 1 -1.358584
152 184 64 128 1 -1.275214
160 184 64 128 1 -1.472859
168 184 64 128 1 -1.798411
176 184 64 128 1 -1.509748
184 184 64 128 1 -1.661806
192 184 64 128 1 -2.146492
200 184 64 128 1 -2.046049
208 184 64 128 1 -1.826835
216 184 64 128 1 -1.815780
224 184 64 128 1 -1.738313
232 184 64 128 1 -1.792322
240 184 64 128 1 -1.902355
248 184 64 128 1 -1.749373
256 184 64 128 1 -1.585534
264 184 64 128 1 -1.616988
272 184 64 128 1 -1.917675
280 184 64 128 1 -2.233323
288 184 64 128 1 -2.212952
296 184 64 128 1 -2.057489
304 184 64 128 1 -2.088051
312 184 64 128 1 -1.939090
320 184 64 128 1 -1.898016
32 192 64 128 1 -1.514322
40 192 64 128 1 -1.519616
48 192 64 128 1 -1.939786
56 192 64 128 1 -2.035100
64 192 64 128 1 -1.877344
72 192 64 128 1 -1.752419
80 192 64 128 1 -1.667483
88 192 64 128 1 -1.628451
96 192 64 128 1 -1.291996
104 192 64 128 1 -1.223924
112 192 64 128 1 -1.622033
120 192 64 128 1 -1.788107
128 192 64 128 1 -1.334644
136 192 64 128 1 -1.015089
144 192 64 128 1 -1.216827
152 192 64 128 1 -1.290629
160 192 64 128 1 -1.331074
168 192 64 128 1 -1.595301
176 192 64 128 1 -1.597796
184 192 64 128 1 -1.885898
192 192 64 128 1 -2.242757
200 192 64 128 1 -1.870243
208 192 64 128 1 -1.557830
216 192 64 128 1 -1.785781
224 192 64 128 1 -1.990015
232 192 64 128 1 -2.036238
240 192 64 128 1 -1.927407
248 192 64 128 1 -1.752500
256 192 64 128 1 -1.689372
264 192 64 128 1 -1.559252
272 192 64 128 1 -1.551857
280 192 64 128 1 -1.854182
288 192 64 128 1 -1.966471
296 192 64 128 1 -1.910371
304 192 64 128 1 -1.730767
312 192 64 128 1 -1.391650
320 192 64 128 1 -1.174723
32 200 64 128 1 -1.322178
40 200 64 128 1 -1.447522
48 200 64 128 1 -1.687327
56 200 64 128 1 -1.784400
64 200 64 128 1 -1.831303
72 200 64 128 1 -1.698484
80 200 64 128 1 -1.652892
88 200 64 128 1 -1.839765
96 200 64 128 1 -1.658628
104 200 64 128 1 -1.354821
112 200 64 128 1 -1.527618
120 200 64 128 1 -1.890011
128 200 64 128 1 -1.639857
136 200 64 128 1 -1.279899
144 200 64 128 1 -1.414128
152 200 64 128 1 -1.500925
160 200 64 128 1 -1.321792
168 200 64 128 1 -1.354589
176 200 64 128 1 -1.623970
184 200 64 128 1 -1.982409
192 200 64 128 1 -2.218199
200 200 64 128 1 -1.982585
208 200 64 128 1 -1.658938
216 200 64 128 1 -1.828798
224 200 64 128 1 -2.034495
232 200 64 128 1 -1.974182
240 200 64 128 1 -1.734697
248 200 64 128 1 -1.446931
256 200 64 128 1 -1.467551
264 200 64 128 1 -1.452721
272 200 64 128 1 -1.354975
280 200 64 128 1 -1.686452
288 200 64 128 1 -1.891402
296 200 64 128 1 -1.729566
304 200 64 128 1 -1.514032
312 200 64 128 1 -1.268637
320 200 64 128 1 -0.960257
32 208 64 128 1 -1.270752
40 208 64 128 1 -1.378726
48 208 64 128 1 -1.356882
56 208 64 128 1 -1.263501
64 208 64 128 1 -1.333615
72 208 64 128 1 -1.343574
80 208 64 128 1 -1.427249
88 208 64 128 1 -1.683360
96 208 64 128 1 -1.712321
104 208 64 128 1 -1.496610
112 208 64 128 1 -1.513594
120 208 64 128 1 -1.912277
128 208 64 128 1 -1.855622
136 208 64 128 1 -1.578960
144 208 64 128 1 -1.698613
152 208 64 128 1 -1.817016
160 208 64 128 1 -1.637452
168 208 64 128 1 -1.708386
176 208 64 128 1 -2.022972
184 208 64 128 1 -2.104474
192 208 64 128 1 -2.231207
200 208 64 128 1 -2.176708
208 208 64 128 1 -1.891956
216 208 64 128 1 -1.961027
224 208 64 128 1 -1.963984
232 208 64 128 1 -1.828717
240 208 64 128 1 -1.636970
248 208 64 128 1 -1.321097
256 208 64 128 1 -1.352689
264 208 64 128 1 -1.414835
272 208 64 128 1 -1.324374
280 208 64 128 1 -1.551429
288 208 64 128 1 -1.659986
296 208 64 128 1 -1.527881
304 208 64 128 1 -1.526208
312 208 64 128 1 -1.327971
320 208 64 128 1 -0.964253
FPS : inf
elapsed secs: 0.000000
