32 64 64 128 1 -3.229074 -2 -1 -1 -1 0 -1 0.000000 0.000000 0.000000 0.000000 0.000000 0.000000 
40 64 64 128 1 -3.140913 -2 -1 -1 -1 0 -1 0.000000 0.000000 0.000000 0.000000 0.000000 0.000000 
48 64 64 128 1 -3.083174 -2 -1 -1 -1 0 -1 0.000000 0.000000 0.000000 0.000000 0.000000 0.000000 
56 64 64 128 1 -3.043990 -2 -1 -1 -1 0 -1 0.000000 0.000000 0.000000 0.000000 0.000000 0.000000 
64 64 64 128 1 -3.088669 -2 -1 -1 -1 0 -1 0.000000 0.000000 0.000000 0.000000 0.000000 0.000000 
72 64 64 128 1 -3.205493 -2 -1 -1 -1 0 -1 0.000000 0.000000 0.000000 0.000000 0.000000 0.000000 
80 64 64 128 1 -3.258857 -2 -1 -1 -1 0 -1 0.000000 0.000000 0.000000 0.000000 0.000000 0.000000 
88 64 64 128 1 -3.148304 -2 -1 -1 -1 0 -1 0.000000 0.000000 0.000000 0.000000 0.000000 0.000000 
96 64 64 128 1 -3.204704 -2 -1 -1 -1 0 -1 0.000000 0.000000 0.000000 0.000000 0.000000 0.000000 
104 64 64 128 1 -3.420855 -2 -1 -1 -1 0 -1 0.000000 0.000000 0.000000 0.000000 0.000000 0.000000 
112 64 64 128 1 -3.471398 -2 -1 -1 -1 0 -1 0.000000 0.000000 0.000000 0.000000 0.000000 0.000000 
120 64 64 128 1 -3.437993 -2 -1 -1 -1 0 -1 0.000000 0.000000 0.000000 0.000000 0.000000 0.000000 
128 64 64 128 1 -3.335191 -2 -1 -1 -1 0 -1 0.000000 0.000000 0.000000 0.000000 0.000000 0.000000 
136 64 64 128 1 -3.349117 -2 -1 -1 -1 0 -1 0.000000 0.000000 0.000000 0.000000 0.000000 0.000000 
144 64 64 128 1 -3.476723 -2 -1 -1 -1 0 -1 0.000000 0.000000 0.000000 0.000000 0.000000 0.000000 
152 64 64 128 1 -3.605203 -2 -1 -1 -1 0 -1 0.000000 0.000000 0.000000 0.000000 0.000000 0.000000 
160 64 64 128 1 -3.641202 -2 -1 -1 -1 0 -1 0.000000 0.000000 0.000000 0.000000 0.000000 0.000000 
168 64 64 128 1 -3.526579 -2 -1 -1 -1 0 -1 0.000000 0.000000 0.000000 0.000000 0.000000 0.000000 
176 64 64 128 1 -3.420703 -2 -1 -1 -1 0 -1 0.000000 0.000000 0.000000 0.000000 0.000000 0.000000 
184 64 64 128 1 -3.490706 -2 -1 -1 -1 0 -1 0.000000 0.000000 0.000000 0.000000 0.000000 0.000000 
192 64 64 128 1 -3.630785 -2 -1 -1 -1 0 -1 0.000000 0.000000 0.000000 0.000000 0.000000 0.000000 
200 64 64 128 1 -3.619072 -2 -1 -1 -1 0 -1 0.000000 0.000000 0.000000 0.000000 0.000000 0.000000 
208 64 64 128 1 -3.383674 -2 -1 -1 -1 0 -1 0.000000 0.000000 0.000000 0.000000 0.000000 0.000000 
216 64 64 128 1 -3.167177 -2 -1 -1 -1 0 -1 0.000000 0.000000 0.000000 0.000000 0.000000 0.000000 
224 64 64 128 1 -3.252511 -2 -1 -1 -1 0 -1 0.000000 0.000000 0.000000 0.000000 0.000000 0.000000 
232 64 64 128 1 -3.396220 -2 -1 -1 -1 0 -1 0.000000 0.000000 0.000000 0.000000 0.000000 0.000000 
240 64 64 128 1 -3.493791 -2 -1 -1 -1 0 -1 0.000000 0.000000 0.000000 0.000000 0.000000 0.000000 
248 64 64 128 1 -3.521127 -2 -1 -1 -1 0 -1 0.000000 0.000000 0.000000 0.000000 0.000000 0.000000 
256 64 64 128 1 -3.479930 -2 -1 -1 -1 0 -1 0.000000 0.000000 0.000000 0.000000 0.000000 0.000000 
264 64 64 128 1 -3.510871 -2 -1 -1 -1 0 -1 0.000000 0.000000 0.000000 0.000000 0.000000 0.000000 
272 64 64 128 1 -3.581009 -2 -1 -1 -1 0 -1 0.000000 0.000000 0.000000 0.000000 0.000000 0.000000 
280 64 64 128 1 -3.583539 -2 -1 -1 -1 0 -1 0.000000 0.000000 0.000000 0.000000 0.000000 0.000000 
288 64 64 128 1 -3.577921 -2 -1 -1 -1 0 -1 0.000000 0.000000 0.000000 0.000000 0.000000 0.000000 
296 64 64 128 1 -3.577921 -2 -1 -1 -1 0 -1 0.000000 0.000000 0.000000 0.000000 0.000000 0.000000 
304 64 64 128 1 -3.577921 -2 -1 -1 -1 0 -1 0.000000 0.000000 0.000000 0.000000 0.000000 0.000000 
312 64 64 128 1 -3.577921 -2 -1 -1 -1 0 -1 0.000000 0.000000 0.000000 0.000000 0.000000 0.000000 
320 64 64 128 1 -3.577921 -2 -1 -1 -1 0 -1 0.000000 0.000000 0.000000 0.000000 0.000000 0.000000 
32 72 64 128 1 -3.134894 -2 -1 -1 -1 0 -1 0.000000 0.000000 0.000000 0.000000 0.000000 0.000000 
40 72 64 128 1 -3.056267 -2 -1 -1 -1 0 -1 0.000000 0.000000 0.000000 0.000000 0.000000 0.000000 
48 72 64 128 1 -2.932286 -2 -1 -1 -1 0 -1 0.000000 0.000000 0.000000 0.000000 0.000000 0.000000 
56 72 64 128 1 -2.966510 -2 -1 -1 -1 0 -1 0.000000 0.000000 0.000000 0.000000 0.000000 0.000000 
64 72 64 128 1 -3.176698 -2 -1 -1 -1 0 -1 0.000000 0.000000 0.000000 0.000000 0.000000 0.000000 
72 72 64 128 1 -3.160043 -2 -1 -1 -1 0 -1 0.000000 0.000000 0.000000 0.000000 0.000000 0.000000 
80 72 64 128 1 -3.027545 -2 -1 -1 -1 0 -1 0.000000 0.000000 0.000000 0.000000 0.000000 0.000000 
88 72 64 128 1 -2.993219 -2 -1 -1 -1 0 -1 0.000000 0.000000 0.000000 0.000000 0.000000 0.000000 
96 72 64 128 1 -3.147988 -2 -1 -1 -1 0 -1 0.000000 0.000000 0.000000 0.000000 0.000000 0.000000 
104 72 64 128 1 -3.322678 -2 -1 -1 -1 0 -1 0.000000 0.000000 0.000000 0.000000 0.000000 0.000000 
112 72 64 128 1 -3.318102 -2 -1 -1 -1 0 -1 0.000000 0.000000 0.000000 0.000000 0.000000 0.000000 
120 72 64 128 1 -3.282417 -2 -1 -1 -1 0 -1 0.000000 0.000000 0.000000 0.000000 0.000000 0.000000 
128 72 64 128 1 -3.252727 -2 -1 -1 -1 0 -1 0.000000 0.000000 0.000000 0.000000 0.000000 0.000000 
136 72 64 128 1 -3.276388 -2 -1 -1 -1 0 -1 0.000000 0.000000 0.000000 0.000000 0.000000 0.000000 
144 72 64 128 1 -3.302063 -2 -1 -1 -1 0 -1 0.000000 0.000000 0.000000 0.000000 0.000000 0.000000 
152 72 64 128 1 -3.368191 -2 -1 -1 -1 0 -1 0.000000 0.000000 0.000000 0.000000 0.000000 0.000000 
160 72 64 128 1 -3.449243 -2 -1 -1 -1 0 -1 0.000000 0.000000 0.000000 0.000000 0.000000 0.000000 
168 72 64 128 1 -3.466744 -2 -1 -1 -1 0 -1 0.000000 0.000000 0.000000 0.000000 0.000000 0.000000 
176 72 64 128 1 -3.500550 -2 -1 -1 -1 0 -1 0.000000 0.000000 0.000000 0.000000 0.000000 0.000000 
184 72 64 128 1 -3.583504 -2 -1 -1 -1 0 -1 0.000000 0.000000 0.000000 0.000000 0.000000 0.000000 
192 72 64 128 1 -3.670227 -2 -1 -1 -1 0 -1 0.000000 0.000000 0.000000 0.000000 0.000000 0.000000 
200 72 64 128 1 -3.554143 -2 -1 -1 -1 0 -1 0.000000 0.000000 0.000000 0.000000 0.000000 0.000000 
208 72 64 128 1 -3.237229 -2 -1 -1 -1 0 -1 0.000000 0.000000 0.000000 0.000000 0.000000 0.000000 
216 72 64 128 1 -3.012529 -2 -1 -1 -1 0 -1 0.000000 0.000000 0.000000 0.000000 0.000000 0.000000 
224 72 64 128 1 -3.075908 -2 -1 -1 -1 0 -1 0.000000 0.000000 0.000000 0.000000 0.000000 0.000000 
232 72 64 128 1 -3.202001 -2 -1 -1 -1 0 -1 0.000000 0.000000 0.000000 0.000000 0.000000 0.000000 
240 72 64 128 1 -3.381098 -2 -1 -1 -1 0 -1 0.000000 0.000000 0.000000 0.000000 0.000000 0.000000 
248 72 64 128 1 -3.554161 -2 -1 -1 -1 0 -1 0.000000 0.000000 0.000000 0.000000 0.000000 0.000000 
256 72 64 128 1 -3.553401 -2 -1 -1 -1 0 -1 0.000000 0.000000 0.000000 0.000000 0.000000 0.000000 
264 72 64 128 1 -3.491412 -2 -1 -1 -1 0 -1 0.000000 0.000000 0.000000 0.000000 0.000000 0.000000 
272 72 64 128 1 -3.467665 -2 -1 -1 -1 0 -1 0.000000 0.000000 0.000000 0.000000 0.000000 0.000000 
280 72 64 128 1 -3.485168 -2 -1 -1 -1 0 -1 0.000000 0.000000 0.000000 0.000000 0.000000 0.000000 
288 72 64 128 1 -3.520177 -2 -1 -1 -1 0 -1 0.000000 0.000000 0.000000 0.000000 0.000000 0.000000 
296 72 64 128 1 -3.540565 -2 -1 -1 -1 0 -1 0.000000 0.000000 0.000000 0.000000 0.000000 0.000000 
304 72 64 128 1 -3.565729 -2 -1 -1 -1 0 -1 0.000000 0.000000 0.000000 0.000000 0.000000 0.000000 
312 72 64 128 1 -3.575865 -2 -1 -1 -1 0 -1 0.000000 0.000000 0.000000 0.000000 0.000000 0.000000 
320 72 64 128 1 -3.578571 -2 -1 -1 -1 0 -1 0.000000 0.000000 0.000000 0.000000 0.000000 0.000000 
32 80 64 128 1 -2.824475 -2 -1 -1 -1 0 -1 0.000000 0.000000 0.000000 0.000000 0.000000 0.000000 
40 80 64 128 1 -2.860534 -2 -1 -1 -1 0 -1 0.000000 0.000000 0.000000 0.000000 0.000000 0.000000 
48 80 64 128 1 -2.716144 -2 -1 -1 -1 0 -1 0.000000 0.000000 0.000000 0.000000 0.000000 0.000000 
56 80 64 128 1 -2.687010 -2 -1 -1 -1 0 -1 0.000000 0.000000 0.000000 0.000000 0.000000 0.000000 
64 80 64 128 1 -2.902249 -2 -1 -1 -1 0 -1 0.000000 0.000000 0.000000 0.000000 0.000000 0.000000 
72 80 64 128 1 -2.743571 -2 -1 -1 -1 0 -1 0.000000 0.000000 0.000000 0.000000 0.000000 0.000000 
80 80 64 128 1 -2.538601 -2 -1 -1 -1 0 -1 0.000000 0.000000 0.000000 0.000000 0.000000 0.000000 
88 80 64 128 1 -2.658404 -2 -1 -1 -1 0 -1 0.000000 0.000000 0.000000 0.000000 0.000000 0.000000 
96 80 64 128 1 -2.965361 -2 -1 -1 -1 0 -1 0.000000 0.000000 0.000000 0.000000 0.000000 0.000000 
104 80 64 128 1 -3.115180 -2 -1 -1 -1 0 -1 0.000000 0.000000 0.000000 0.000000 0.000000 0.000000 
112 80 64 128 1 -3.051616 -2 -1 -1 -1 0 -1 0.000000 0.000000 0.000000 0.000000 0.000000 0.000000 
120 80 64 128 1 -3.070567 -2 -1 -1 -1 0 -1 0.000000 0.000000 0.000000 0.000000 0.000000 0.000000 
128 80 64 128 1 -3.159097 -2 -1 -1 -1 0 -1 0.000000 0.000000 0.000000 0.000000 0.000000 0.000000 
136 80 64 128 1 -3.277563 -2 -1 -1 -1 0 -1 0.000000 0.000000 0.000000 0.000000 0.000000 0.000000 
144 80 64 128 1 -3.352953 -2 -1 -1 -1 0 -1 0.000000 0.000000 0.000000 0.000000 0.000000 0.000000 
152 80 64 128 1 -3.273613 -2 -1 -1 -1 0 -1 0.000000 0.000000 0.000000 0.000000 0.000000 0.000000 
160 80 64 128 1 -3.277213 -2 -1 -1 -1 0 -1 0.000000 0.000000 0.000000 0.000000 0.000000 0.000000 
168 80 64 128 1 -3.454261 -2 -1 -1 -1 0 -1 0.000000 0.000000 0.000000 0.000000 0.000000 0.000000 
176 80 64 128 1 -3.631094 -2 -1 -1 -1 0 -1 0.000000 0.000000 0.000000 0.000000 0.000000 0.000000 
184 80 64 128 1 -3.637259 -2 -1 -1 -1 0 -1 0.000000 0.000000 0.000000 0.000000 0.000000 0.000000 
192 80 64 128 1 -3.534551 -2 -1 -1 -1 0 -1 0.000000 0.000000 0.000000 0.000000 0.000000 0.000000 
200 80 64 128 1 -3.242458 -2 -1 -1 -1 0 -1 0.000000 0.000000 0.000000 0.000000 0.000000 0.000000 
208 80 64 128 1 -2.956814 -2 -1 -1 -1 0 -1 0.000000 0.000000 0.000000 0.000000 0.000000 0.000000 
216 80 64 128 1 -2.871220 -2 -1 -1 -1 0 -1 0.000000 0.000000 0.000000 0.000000 0.000000 0.000000 
224 80 64 128 1 -2.955748 -2 -1 -1 -1 0 -1 0.000000 0.000000 0.000000 0.000000 0.000000 0.000000 
232 80 64 128 1 -3.083580 -2 -1 -1 -1 0 -1 0.000000 0.000000 0.000000 0.000000 0.000000 0.000000 
240 80 64 128 1 -3.302682 -2 -1 -1 -1 0 -1 0.000000 0.000000 0.000000 0.000000 0.000000 0.000000 
248 80 64 128 1 -3.484143 -2 -1 -1 -1 0 -1 0.000000 0.000000 0.000000 0.000000 0.000000 0.000000 
256 80 64 128 1 -3.544322 -2 -1 -1 -1 0 -1 0.000000 0.000000 0.000000 0.000000 0.000000 0.000000 
264 80 64 128 1 -3.510789 -2 -1 -1 -1 0 -1 0.000000 0.000000 0.000000 0.000000 0.000000 0.000000 
272 80 64 128 1 -3.455629 -2 -1 -1 -1 0 -1 0.000000 0.000000 0.000000 0.000000 0.000000 0.000000 
280 80 64 128 1 -3.467474 -2 -1 -1 -1 0 -1 0.000000 0.000000 0.000000 0.000000 0.000000 0.000000 
288 80 64 128 1 -3.445785 -2 -1 -1 -1 0 -1 0.000000 0.000000 0.000000 0.000000 0.000000 0.000000 
296 80 64 128 1 -3.458584 -2 -1 -1 -1 0 -1 0.000000 0.000000 0.000000 0.000000 0.000000 0.000000 
304 80 64 128 1 -3.514230 -2 -1 -1 -1 0 -1 0.000000 0.000000 0.000000 0.000000 0.000000 0.000000 
312 80 64 128 1 -3.525637 -2 -1 -1 -1 0 -1 0.000000 0.000000 0.000000 0.000000 0.000000 0.000000 
320 80 64 128 1 -3.536968 -2 -1 -1 -1 0 -1 0.000000 0.000000 0.000000 0.000000 0.000000 0.000000 
32 88 64 128 1 -2.965030 -2 -1 -1 -1 0 -1 0.000000 0.000000 0.000000 0.000000 0.000000 0.000000 
40 88 64 128 1 -3.049696 -2 -1 -1 -1 0 -1 0.000000 0.000000 0.000000 0.000000 0.000000 0.000000 
48 88 64 128 1 -2.871849 -2 -1 -1 -1 0 -1 0.000000 0.000000 0.000000 0.000000 0.000000 0.000000 
56 88 64 128 1 -2.627000 -2 -1 -1 -1 0 -1 0.000000 0.000000 0.000000 0.000000 0.000000 0.000000 
64 88 64 128 1 -2.761459 -2 -1 -1 -1 0 -1 0.000000 0.000000 0.000000 0.000000 0.000000 0.000000 
72 88 64 128 1 -2.609741 -2 -1 -1 -1 0 -1 0.000000 0.000000 0.000000 0.000000 0.000000 0.000000 
80 88 64 128 1 -2.480138 -2 -1 -1 -1 0 -1 0.000000 0.000000 0.000000 0.000000 0.000000 0.000000 
88 88 64 128 1 -2.750514 -2 -1 -1 -1 0 -1 0.000000 0.000000 0.000000 0.000000 0.000000 0.000000 
96 88 64 128 1 -3.091248 -2 -1 -1 -1 0 -1 0.000000 0.000000 0.000000 0.000000 0.000000 0.000000 
104 88 64 128 1 -3.104523 -2 -1 -1 -1 0 -1 0.000000 0.000000 0.000000 0.000000 0.000000 0.000000 
112 88 64 128 1 -2.944433 -2 -1 -1 -1 0 -1 0.000000 0.000000 0.000000 0.000000 0.000000 0.000000 
120 88 64 128 1 -3.063881 -2 -1 -1 -1 0 -1 0.000000 0.000000 0.000000 0.000000 0.000000 0.000000 
128 88 64 128 1 -3.219378 -2 -1 -1 -1 0 -1 0.000000 0.000000 0.000000 0.000000 0.000000 0.000000 
136 88 64 128 1 -3.475880 -2 -1 -1 -1 0 -1 0.000000 0.000000 0.000000 0.000000 0.000000 0.000000 
144 88 64 128 1 -3.623082 -2 -1 -1 -1 0 -1 0.000000 0.000000 0.000000 0.000000 0.000000 0.000000 
152 88 64 128 1 -3.330190 -2 -1 -1 -1 0 -1 0.000000 0.000000 0.000000 0.000000 0.000000 0.000000 
160 88 64 128 1 -3.164301 -2 -1 -1 -1 0 -1 0.000000 0.000000 0.000000 0.000000 0.000000 0.000000 
168 88 64 128 1 -3.422971 -2 -1 -1 -1 0 -1 0.000000 0.000000 0.000000 0.000000 0.000000 0.000000 
176 88 64 128 1 -3.605629 -2 -1 -1 -1 0 -1 0.000000 0.000000 0.000000 0.000000 0.000000 0.000000 
184 88 64 128 1 -3.530086 -2 -1 -1 -1 0 -1 0.000000 0.000000 0.000000 0.000000 0.000000 0.000000 
192 88 64 128 1 -3.300239 -2 -1 -1 -1 0 -1 0.000000 0.000000 0.000000 0.000000 0.000000 0.000000 
200 88 64 128 1 -3.064884 -2 -1 -1 -1 0 -1 0.000000 0.000000 0.000000 0.000000 0.000000 0.000000 
208 88 64 128 1 -2.991011 -2 -1 -1 -1 0 -1 0.000000 0.000000 0.000000 0.000000 0.000000 0.000000 
216 88 64 128 1 -2.899651 -2 -1 -1 -1 0 -1 0.000000 0.000000 0.000000 0.000000 0.000000 0.000000 
224 88 64 128 1 -2.950151 -2 -1 -1 -1 0 -1 0.000000 0.000000 0.000000 0.000000 0.000000 0.000000 
232 88 64 128 1 -3.076912 -2 -1 -1 -1 0 -1 0.000000 0.000000 0.000000 0.000000 0.000000 0.000000 
240 88 64 128 1 -3.125971 -2 -1 -1 -1 0 -1 0.000000 0.000000 0.000000 0.000000 0.000000 0.000000 
248 88 64 128 1 -3.105891 -2 -1 -1 -1 0 -1 0.000000 0.000000 0.000000 0.000000 0.000000 0.000000 
256 88 64 128 1 -3.257923 -2 -1 -1 -1 0 -1 0.000000 0.000000 0.000000 0.000000 0.000000 0.000000 
264 88 64 128 1 -3.478264 -2 -1 -1 -1 0 -1 0.000000 0.000000 0.000000 0.000000 0.000000 0.000000 
272 88 64 128 1 -3.568865 -2 -1 -1 -1 0 -1 0.000000 0.000000 0.000000 0.000000 0.000000 0.000000 
280 88 64 128 1 -3.584373 -2 -1 -1 -1 0 -1 0.000000 0.000000 0.000000 0.000000 0.000000 0.000000 
288 88 64 128 1 -3.485354 -2 -1 -1 -1 0 -1 0.000000 0.000000 0.000000 0.000000 0.000000 0.000000 
296 88 64 128 1 -3.452027 -2 -1 -1 -1 0 -1 0.000000 0.000000 0.000000 0.000000 0.000000 0.000000 
304 88 64 128 1 -3.536738 -2 -1 -1 -1 0 -1 0.000000 0.000000 0.000000 0.000000 0.000000 0.000000 
312 88 64 128 1 -3.570409 -2 -1 -1 -1 0 -1 0.000000 0.000000 0.000000 0.000000 0.000000 0.000000 
320 88 64 128 1 -3.632319 -2 -1 -1 -1 0 -1 0.000000 0.000000 0.000000 0.000000 0.000000 0.000000 
32 96 64 128 1 -2.640499 -2 -1 -1 -1 0 -1 0.000000 0.000000 0.000000 0.000000 0.000000 0.000000 
40 96 64 128 1 -2.694963 -2 -1 -1 -1 0 -1 0.000000 0.000000 0.000000 0.000000 0.000000 0.000000 
48 96 64 128 1 -2.627885 -2 -1 -1 -1 0 -1 0.000000 0.000000 0.000000 0.000000 0.000000 0.000000 
56 96 64 128 1 -2.507034 -2 -1 -1 -1 0 -1 0.000000 0.000000 0.000000 0.000000 0.000000 0.000000 
64 96 64 128 1 -2.768826 -2 -1 -1 -1 0 -1 0.000000 0.000000 0.000000 0.000000 0.000000 0.000000 
72 96 64 128 1 -2.621645 -2 -1 -1 -1 0 -1 0.000000 0.000000 0.000000 0.000000 0.000000 0.000000 
80 96 64 128 1 -2.633118 -2 -1 -1 -1 0 -1 0.000000 0.000000 0.000000 0.000000 0.000000 0.000000 
88 96 64 128 1 -3.043319 -2 -1 -1 -1 0 -1 0.000000 0.000000 0.000000 0.000000 0.000000 0.000000 
96 96 64 128 1 -3.280036 -2 -1 -1 -1 0 -1 0.000000 0.000000 0.000000 0.000000 0.000000 0.000000 
104 96 64 128 1 -3.195483 -2 -1 -1 -1 0 -1 0.000000 0.000000 0.000000 0.000000 0.000000 0.000000 
112 96 64 128 1 -3.030099 -2 -1 -1 -1 0 -1 0.000000 0.000000 0.000000 0.000000 0.000000 0.000000 
120 96 64 128 1 -3.114946 -2 -1 -1 -1 0 -1 0.000000 0.000000 0.000000 0.000000 0.000000 0.000000 
128 96 64 128 1 -3.177183 -2 -1 -1 -1 0 -1 0.000000 0.000000 0.000000 0.000000 0.000000 0.000000 
136 96 64 128 1 -3.318145 -2 -1 -1 -1 0 -1 0.000000 0.000000 0.000000 0.000000 0.000000 0.000000 
144 96 64 128 1 -3.513445 -2 -1 -1 -1 0 -1 0.000000 0.000000 0.000000 0.000000 0.000000 0.000000 
152 96 64 128 1 -3.335913 -2 -1 -1 -1 0 -1 0.000000 0.000000 0.000000 0.000000 0.000000 0.000000 
160 96 64 128 1 -3.168546 -2 -1 -1 -1 0 -1 0.000000 0.000000 0.000000 0.000000 0.000000 0.000000 
168 96 64 128 1 -3.361545 -2 -1 -1 -1 0 -1 0.000000 0.000000 0.000000 0.000000 0.000000 0.000000 
176 96 64 128 1 -3.499152 -2 -1 -1 -1 0 -1 0.000000 0.000000 0.000000 0.000000 0.000000 0.000000 
184 96 64 128 1 -3.342582 -2 -1 -1 -1 0 -1 0.000000 0.000000 0.000000 0.000000 0.000000 0.000000 
192 96 64 128 1 -3.054776 -2 -1 -1 -1 0 -1 0.000000 0.000000 0.000000 0.000000 0.000000 0.000000 
200 96 64 128 1 -2.954911 -2 -1 -1 -1 0 -1 0.000000 0.000000 0.000000 0.000000 0.000000 0.000000 
208 96 64 128 1 -3.158967 -2 -1 -1 -1 0 -1 0.000000 0.000000 0.000000 0.000000 0.000000 0.000000 
216 96 64 128 1 -3.084675 -2 -1 -1 -1 0 -1 0.000000 0.000000 0.000000 0.000000 0.000000 0.000000 
224 96 64 128 1 -3.042935 -2 -1 -1 -1 0 -1 0.000000 0.000000 0.000000 0.000000 0.000000 0.000000 
232 96 64 128 1 -3.131321 -2 -1 -1 -1 0 -1 0.000000 0.000000 0.000000 0.000000 0.000000 0.000000 
240 96 64 128 1 -3.044486 -2 -1 -1 -1 0 -1 0.000000 0.000000 0.000000 0.000000 0.000000 0.000000 
248 96 64 128 1 -2.943748 -2 -1 -1 -1 0 -1 0.000000 0.000000 0.000000 0.000000 0.000000 0.000000 
256 96 64 128 1 -3.149870 -2 -1 -1 -1 0 -1 0.000000 0.000000 0.000000 0.000000 0.000000 0.000000 
264 96 64 128 1 -3.404737 -2 -1 -1 -1 0 -1 0.000000 0.000000 0.000000 0.000000 0.000000 0.000000 
272 96 64 128 1 -3.507732 -2 -1 -1 -1 0 -1 0.000000 0.000000 0.000000 0.000000 0.000000 0.000000 
280 96 64 128 1 -3.604728 -2 -1 -1 -1 0 -1 0.000000 0.000000 0.000000 0.000000 0.000000 0.000000 
288 96 64 128 1 -3.610289 -2 -1 -1 -1 0 -1 0.000000 0.000000 0.000000 0.000000 0.000000 0.000000 
296 96 64 128 1 -3.554691 -2 -1 -1 -1 0 -1 0.000000 0.000000 0.000000 0.000000 0.000000 0.000000 
304 96 64 128 1 -3.553316 -2 -1 -1 -1 0 -1 0.000000 0.000000 0.000000 0.000000 0.000000 0.000000 
312 96 64 128 1 -3.548497 -2 -1 -1 -1 0 -1 0.000000 0.000000 0.000000 0.000000 0.000000 0.000000 
320 96 64 128 1 -3.584695 -2 -1 -1 -1 0 -1 0.000000 0.000000 0.000000 0.000000 0.000000 0.000000 
32 104 64 128 1 -2.144408 -2 -1 -1 -1 0 -1 0.000000 0.000000 0.000000 0.000000 0.000000 0.000000 
40 104 64 128 1 -2.068629 -2 -1 -1 -1 0 -1 0.000000 0.000000 0.000000 0.000000 0.000000 0.000000 
48 104 64 128 1 -2.048596 -2 -1 -1 -1 0 -1 0.000000 0.000000 0.000000 0.000000 0.000000 0.000000 
56 104 64 128 1 -2.266068 -2 -1 -1 -1 0 -1 0.000000 0.000000 0.000000 0.000000 0.000000 0.000000 
64 104 64 128 1 -2.710509 -2 -1 -1 -1 0 -1 0.000000 0.000000 0.000000 0.000000 0.000000 0.000000 
72 104 64 128 1 -2.552042 -2 -1 -1 -1 0 -1 0.000000 0.000000 0.000000 0.000000 0.000000 0.000000 
80 104 64 128 1 -2.507026 -2 -1 -1 -1 0 -1 0.000000 0.000000 0.000000 0.000000 0.000000 0.000000 
88 104 64 128 1 -2.830480 -2 -1 -1 -1 0 -1 0.000000 0.000000 0.000000 0.000000 0.000000 0.000000 
96 104 64 128 1 -3.070988 -2 -1 -1 -1 0 -1 0.000000 0.000000 0.000000 0.000000 0.000000 0.000000 
104 104 64 128 1 -3.126207 -2 -1 -1 -1 0 -1 0.000000 0.000000 0.000000 0.000000 0.000000 0.000000 
112 104 64 128 1 -2.984500 -2 -1 -1 -1 0 -1 0.000000 0.000000 0.000000 0.000000 0.000000 0.000000 
120 104 64 128 1 -2.903653 -2 -1 -1 -1 0 -1 0.000000 0.000000 0.000000 0.000000 0.000000 0.000000 
128 104 64 128 1 -2.940672 -2 -1 -1 -1 0 -1 0.000000 0.000000 0.000000 0.000000 0.000000 0.000000 
136 104 64 128 1 -3.021286 -2 -1 -1 -1 0 -1 0.000000 0.000000 0.000000 0.000000 0.000000 0.000000 
144 104 64 128 1 -3.208355 -2 -1 -1 -1 0 -1 0.000000 0.000000 0.000000 0.000000 0.000000 0.000000 
152 104 64 128 1 -3.238163 -2 -1 -1 -1 0 -1 0.000000 0.000000 0.000000 0.000000 0.000000 0.000000 
160 104 64 128 1 -3.188139 -2 -1 -1 -1 0 -1 0.000000 0.000000 0.000000 0.000000 0.000000 0.000000 
168 104 64 128 1 -3.287217 -2 -1 -1 -1 0 -1 0.000000 0.000000 0.000000 0.000000 0.000000 0.000000 
176 104 64 128 1 -3.370606 -2 -1 -1 -1 0 -1 0.000000 0.000000 0.000000 0.000000 0.000000 0.000000 
184 104 64 128 1 -3.221740 -2 -1 -1 -1 0 -1 0.000000 0.000000 0.000000 0.000000 0.000000 0.000000 
192 104 64 128 1 -2.915694 -2 -1 -1 -1 0 -1 0.000000 0.000000 0.000000 0.000000 0.000000 0.000000 
200 104 64 128 1 -2.849801 -2 -1 -1 -1 0 -1 0.000000 0.000000 0.000000 0.000000 0.000000 0.000000 
208 104 64 128 1 -3.109734 -2 -1 -1 -1 0 -1 0.000000 0.000000 0.000000 0.000000 0.000000 0.000000 
216 104 64 128 1 -3.175769 -2 -1 -1 -1 0 -1 0.000000 0.000000 0.000000 0.000000 0.000000 0.000000 
224 104 64 128 1 -3.029238 -2 -1 -1 -1 0 -1 0.000000 0.000000 0.000000 0.000000 0.000000 0.000000 
232 104 64 128 1 -3.022119 -2 -1 -1 -1 0 -1 0.000000 0.000000 0.000000 0.000000 0.000000 0.000000 
240 104 64 128 1 -3.058425 -2 -1 -1 -1 0 -1 0.000000 0.000000 0.000000 0.000000 0.000000 0.000000 
248 104 64 128 1 -3.085044 -2 -1 -1 -1 0 -1 0.000000 0.000000 0.000000 0.000000 0.000000 0.000000 
256 104 64 128 1 -3.287391 -2 -1 -1 -1 0 -1 0.000000 0.000000 0.000000 0.000000 0.000000 0.000000 
264 104 64 128 1 -3.344599 -2 -1 -1 -1 0 -1 0.000000 0.000000 0.000000 0.000000 0.000000 0.000000 
272 104 64 128 1 -3.278128 -2 -1 -1 -1 0 -1 0.000000 0.000000 0.000000 0.000000 0.000000 0.000000 
280 104 64 128 1 -3.428754 -2 -1 -1 -1 0 -1 0.000000 0.000000 0.000000 0.000000 0.000000 0.000000 
288 104 64 128 1 -3.577999 -2 -1 -1 -1 0 -1 0.000000 0.000000 0.000000 0.000000 0.000000 0.000000 
296 104 64 128 1 -3.600938 -2 -1 -1 -1 0 -1 0.000000 0.000000 0.000000 0.000000 0.000000 0.000000 
304 104 64 128 1 -3.512412 -2 -1 -1 -1 0 -1 0.000000 0.000000 0.000000 0.000000 0.000000 0.000000 
312 104 64 128 1 -3.405982 -2 -1 -1 -1 0 -1 0.000000 0.000000 0.000000 0.000000 0.000000 0.000000 
320 104 64 128 1 -3.343711 -2 -1 -1 -1 0 -1 0.000000 0.000000 0.000000 0.000000 0.000000 0.000000 
32 112 64 128 1 -2.270979 -2 -1 -1 -1 0 -1 0.000000 0.000000 0.000000 0.000000 0.000000 0.000000 
40 112 64 128 1 -2.355050 -2 -1 -1 -1 0 -1 0.000000 0.000000 0.000000 0.000000 0.000000 0.000000 
48 112 64 128 1 -2.151730 -2 -1 -1 -1 0 -1 0.000000 0.000000 0.000000 0.000000 0.000000 0.000000 
56 112 64 128 1 -2.210392 -2 -1 -1 -1 0 -1 0.000000 0.000000 0.000000 0.000000 0.000000 0.000000 
64 112 64 128 1 -2.545689 -2 -1 -1 -1 0 -1 0.000000 0.000000 0.000000 0.000000 0.000000 0.000000 
72 112 64 128 1 -2.440724 -2 -1 -1 -1 0 -1 0.000000 0.000000 0.000000 0.000000 0.000000 0.000000 
80 112 64 128 1 -2.391594 -2 -1 -1 -1 0 -1 0.000000 0.000000 0.000000 0.000000 0.000000 0.000000 
88 112 64 128 1 -2.577296 -2 -1 -1 -1 0 -1 0.000000 0.000000 0.000000 0.000000 0.000000 0.000000 
96 112 64 128 1 -2.759247 -2 -1 -1 -1 0 -1 0.000000 0.000000 0.000000 0.000000 0.000000 0.000000 
104 112 64 128 1 -2.931948 -2 -1 -1 -1 0 -1 0.000000 0.000000 0.000000 0.000000 0.000000 0.000000 
112 112 64 128 1 -2.709427 -2 -1 -1 -1 0 -1 0.000000 0.000000 0.000000 0.000000 0.000000 0.000000 
120 112 64 128 1 -2.488627 -2 -1 -1 -1 0 -1 0.000000 0.000000 0.000000 0.000000 0.000000 0.000000 
128 112 64 128 1 -2.662015 -2 -1 -1 -1 0 -1 0.000000 0.000000 0.000000 0.000000 0.000000 0.000000 
136 112 64 128 1 -2.772433 -2 -1 -1 -1 0 -1 0.000000 0.000000 0.000000 0.000000 0.000000 0.000000 
144 112 64 128 1 -2.857475 -2 -1 -1 -1 0 -1 0.000000 0.000000 0.000000 0.000000 0.000000 0.000000 
152 112 64 128 1 -2.931913 -2 -1 -1 -1 0 -1 0.000000 0.000000 0.000000 0.000000 0.000000 0.000000 
160 112 64 128 1 -2.943127 -2 -1 -1 -1 0 -1 0.000000 0.000000 0.000000 0.000000 0.000000 0.000000 
168 112 64 128 1 -3.007419 -2 -1 -1 -1 0 -1 0.000000 0.000000 0.000000 0.000000 0.000000 0.000000 
176 112 64 128 1 -3.133485 -2 -1 -1 -1 0 -1 0.000000 0.000000 0.000000 0.000000 0.000000 0.000000 
184 112 64 128 1 -3.134797 -2 -1 -1 -1 0 -1 0.000000 0.000000 0.000000 0.000000 0.000000 0.000000 
192 112 64 128 1 -2.974567 -2 -1 -1 -1 0 -1 0.000000 0.000000 0.000000 0.000000 0.000000 0.000000 
200 112 64 128 1 -2.976813 -2 -1 -1 -1 0 -1 0.000000 0.000000 0.000000 0.000000 0.000000 0.000000 
208 112 64 128 1 -3.074918 -2 -1 -1 -1 0 -1 0.000000 0.000000 0.000000 0.000000 0.000000 0.000000 
216 112 64 128 1 -3.144643 -2 -1 -1 -1 0 -1 0.000000 0.000000 0.000000 0.000000 0.000000 0.000000 
224 112 64 128 1 -2.994139 -2 -1 -1 -1 0 -1 0.000000 0.000000 0.000000 0.000000 0.000000 0.000000 
232 112 64 128 1 -2.890674 -2 -1 -1 -1 0 -1 0.000000 0.000000 0.000000 0.000000 0.000000 0.000000 
240 112 64 128 1 -3.036705 -2 -1 -1 -1 0 -1 0.000000 0.000000 0.000000 0.000000 0.000000 0.000000 
248 112 64 128 1 -3.150253 -2 -1 -1 -1 0 -1 0.000000 0.000000 0.000000 0.000000 0.000000 0.000000 
256 112 64 128 1 -3.296771 -2 -1 -1 -1 0 -1 0.000000 0.000000 0.000000 0.000000 0.000000 0.000000 
264 112 64 128 1 -3.264008 -2 -1 -1 -1 0 -1 0.000000 0.000000 0.000000 0.000000 0.000000 0.000000 
272 112 64 128 1 -3.114252 -2 -1 -1 -1 0 -1 0.000000 0.000000 0.000000 0.000000 0.000000 0.000000 
280 112 64 128 1 -3.268303 -2 -1 -1 -1 0 -1 0.000000 0.000000 0.000000 0.000000 0.000000 0.000000 
288 112 64 128 1 -3.481705 -2 -1 -1 -1 0 -1 0.000000 0.000000 0.000000 0.000000 0.000000 0.000000 
296 112 64 128 1 -3.562541 -2 -1 -1 -1 0 -1 0.000000 0.000000 0.000000 0.000000 0.000000 0.000000 
304 112 64 128 1 -3.480020 -2 -1 -1 -1 0 -1 0.000000 0.000000 0.000000 0.000000 0.000000 0.000000 
312 112 64 128 1 -3.394359 -2 -1 -1 -1 0 -1 0.000000 0.000000 0.000000 0.000000 0.000000 0.000000 
320 112 64 128 1 -3.342597 -2 -1 -1 -1 0 -1 0.000000 0.000000 0.000000 0.000000 0.000000 0.000000 
32 120 64 128 1 -1.931012 -2 -1 -1 -1 0 -1 0.000000 0.000000 0.000000 0.000000 0.000000 0.000000 
40 120 64 128 1 -2.440788 -2 -1 -1 -1 0 -1 0.000000 0.000000 0.000000 0.000000 0.000000 0.000000 
48 120 64 128 1 -2.375772 -2 -1 -1 -1 0 -1 0.000000 0.000000 0.000000 0.000000 0.000000 0.000000 
56 120 64 128 1 -2.233761 -2 -1 -1 -1 0 -1 0.000000 0.000000 0.000000 0.000000 0.000000 0.000000 
64 120 64 128 1 -2.204972 -2 -1 -1 -1 0 -1 0.000000 0.000000 0.000000 0.000000 0.000000 0.000000 
72 120 64 128 1 -2.078884 -2 -1 -1 -1 0 -1 0.000000 0.000000 0.000000 0.000000 0.000000 0.000000 
80 120 64 128 1 -2.380549 -2 -1 -1 -1 0 -1 0.000000 0.000000 0.000000 0.000000 0.000000 0.000000 
88 120 64 128 1 -2.695447 -2 -1 -1 -1 0 -1 0.000000 0.000000 0.000000 0.000000 0.000000 0.000000 
96 120 64 128 1 -2.597844 -2 -1 -1 -1 0 -1 0.000000 0.000000 0.000000 0.000000 0.000000 0.000000 
104 120 64 128 1 -2.699780 -2 -1 -1 -1 0 -1 0.000000 0.000000 0.000000 0.000000 0.000000 0.000000 
112 120 64 128 1 -2.595756 -2 -1 -1 -1 0 -1 0.000000 0.000000 0.000000 0.000000 0.000000 0.000000 
120 120 64 128 1 -2.242068 -2 -1 -1 -1 0 -1 0.000000 0.000000 0.000000 0.000000 0.000000 0.000000 
128 120 64 128 1 -2.252546 -2 -1 -1 -1 0 -1 0.000000 0.000000 0.000000 0.000000 0.000000 0.000000 
136 120 64 128 1 -2.339425 -2 -1 -1 -1 0 -1 0.000000 0.000000 0.000000 0.000000 0.000000 0.000000 
144 120 64 128 1 -2.509070 -2 -1 -1 -1 0 -1 0.000000 0.000000 0.000000 0.000000 0.000000 0.000000 
152 120 64 128 1 -2.733223 -2 -1 -1 -1 0 -1 0.000000 0.000000 0.000000 0.000000 0.000000 0.000000 
160 120 64 128 1 -2.596537 -2 -1 -1 -1 0 -1 0.000000 0.000000 0.000000 0.000000 0.000000 0.000000 
168 120 64 128 1 -2.620599 -2 -1 -1 -1 0 -1 0.000000 0.000000 0.000000 0.000000 0.000000 0.000000 
176 120 64 128 1 -2.980948 -2 -1 -1 -1 0 -1 0.000000 0.000000 0.000000 0.000000 0.000000 0.000000 
184 120 64 128 1 -3.231787 -2 -1 -1 -1 0 -1 0.000000 0.000000 0.000000 0.000000 0.000000 0.000000 
192 120 64 128 1 -3.206724 -2 -1 -1 -1 0 -1 0.000000 0.000000 0.000000 0.000000 0.000000 0.000000 
200 120 64 128 1 -3.193456 -2 -1 -1 -1 0 -1 0.000000 0.000000 0.000000 0.000000 0.000000 0.000000 
208 120 64 128 1 -3.114825 -2 -1 -1 -1 0 -1 0.000000 0.000000 0.000000 0.000000 0.000000 0.000000 
216 120 64 128 1 -3.130406 -2 -1 -1 -1 0 -1 0.000000 0.000000 0.000000 0.000000 0.000000 0.000000 
224 120 64 128 1 -3.002377 -2 -1 -1 -1 0 -1 0.000000 0.000000 0.000000 0.000000 0.000000 0.000000 
232 120 64 128 1 -2.868773 -2 -1 -1 -1 0 -1 0.000000 0.000000 0.000000 0.000000 0.000000 0.000000 
240 120 64 128 1 -3.020086 -2 -1 -1 -1 0 -1 0.000000 0.000000 0.000000 0.000000 0.000000 0.000000 
248 120 64 128 1 -3.134835 -2 -1 -1 -1 0 -1 0.000000 0.000000 0.000000 0.000000 0.000000 0.000000 
256 120 64 128 1 -3.266292 -2 -1 -1 -1 0 -1 0.000000 0.000000 0.000000 0.000000 0.000000 0.000000 
264 120 64 128 1 -3.317238 -2 -1 -1 -1 0 -1 0.000000 0.000000 0.000000 0.000000 0.000000 0.000000 
272 120 64 128 1 -3.278334 -2 -1 -1 -1 0 -1 0.000000 0.000000 0.000000 0.000000 0.000000 0.000000 
280 120 64 128 1 -3.404980 -2 -1 -1 -1 0 -1 0.000000 0.000000 0.000000 0.000000 0.000000 0.000000 
288 120 64 128 1 -3.523358 -2 -1 -1 -1 0 -1 0.000000 0.000000 0.000000 0.000000 0.000000 0.000000 
296 120 64 128 1 -3.542839 -2 -1 -1 -1 0 -1 0.000000 0.000000 0.000000 0.000000 0.000000 0.000000 
304 120 64 128 1 -3.425485 -2 -1 -1 -1 0 -1 0.000000 0.000000 0.000000 0.000000 0.000000 0.000000 
312 120 64 128 1 -3.352652 -2 -1 -1 -1 0 -1 0.000000 0.000000 0.000000 0.000000 0.000000 0.000000 
320 120 64 128 1 -3.339701 -2 -1 -1 -1 0 -1 0.000000 0.000000 0.000000 0.000000 0.000000 0.000000 
32 128 64 128 1 -1.387310 -2 -1 -1 -1 0 -1 0.000000 0.000000 0.000000 0.000000 0.000000 0.000000 
40 128 64 128 1 -2.159417 -2 -1 -1 -1 0 -1 0.000000 0.000000 0.000000 0.000000 0.000000 0.000000 
48 128 64 128 1 -2.518270 -2 -1 -1 -1 0 -1 0.000000 0.000000 0.000000 0.000000 0.000000 0.000000 
56 128 64 128 1 -2.389052 -2 -1 -1 -1 0 -1 0.000000 0.000000 0.000000 0.000000 0.000000 0.000000 
64 128 64 128 1 -1.902515 -2 -1 -1 -1 0 -1 0.000000 0.000000 0.000000 0.000000 0.000000 0.000000 
72 128 64 128 1 -1.608177 -2 -1 -1 -1 0 -1 0.000000 0.000000 0.000000 0.000000 0.000000 0.000000 
80 128 64 128 1 -2.161378 -2 -1 -1 -1 0 -1 0.000000 0.000000 0.000000 0.000000 0.000000 0.000000 
88 128 64 128 1 -2.496447 -2 -1 -1 -1 0 -1 0.000000 0.000000 0.000000 0.000000 0.000000 0.000000 
96 128 64 128 1 -2.039699 -2 -1 -1 -1 0 -1 0.000000 0.000000 0.000000 0.000000 0.000000 0.000000 
104 128 64 128 1 -2.075200 -2 -1 -1 -1 0 -1 0.000000 0.000000 0.000000 0.000000 0.000000 0.000000 
112 128 64 128 1 -2.305123 -2 -1 -1 -1 0 -1 0.000000 0.000000 0.000000 0.000000 0.000000 0.000000 
120 128 64 128 1 -1.993302 -2 -1 -1 -1 0 -1 0.000000 0.000000 0.000000 0.000000 0.000000 0.000000 
128 128 64 128 1 -1.865911 -2 -1 -1 -1 0 -1 0.000000 0.000000 0.000000 0.000000 0.000000 0.000000 
136 128 64 128 1 -2.048141 -2 -1 -1 -1 0 -1 0.000000 0.000000 0.000000 0.000000 0.000000 0.000000 
144 128 64 128 1 -2.514682 -2 -1 -1 -1 0 -1 0.000000 0.000000 0.000000 0.000000 0.000000 0.000000 
152 128 64 128 1 -3.030057 -2 -1 -1 -1 0 -1 0.000000 0.000000 0.000000 0.000000 0.000000 0.000000 
160 128 64 128 1 -2.779923 -2 -1 -1 -1 0 -1 0.000000 0.000000 0.000000 0.000000 0.000000 0.000000 
168 128 64 128 1 -2.648334 -2 -1 -1 -1 0 -1 0.000000 0.000000 0.000000 0.000000 0.000000 0.000000 
176 128 64 128 1 -2.985157 -2 -1 -1 -1 0 -1 0.000000 0.000000 0.000000 0.000000 0.000000 0.000000 
184 128 64 128 1 -3.298538 -2 -1 -1 -1 0 -1 0.000000 0.000000 0.000000 0.000000 0.000000 0.000000 
192 128 64 128 1 -3.430290 -2 -1 -1 -1 0 -1 0.000000 0.000000 0.000000 0.000000 0.000000 0.000000 
200 128 64 128 1 -3.297672 -2 -1 -1 -1 0 -1 0.000000 0.000000 0.000000 0.000000 0.000000 0.000000 
208 128 64 128 1 -3.008283 -2 -1 -1 -1 0 -1 0.000000 0.000000 0.000000 0.000000 0.000000 0.000000 
216 128 64 128 1 -2.899294 -2 -1 -1 -1 0 -1 0.000000 0.000000 0.000000 0.000000 0.000000 0.000000 
224 128 64 128 1 -2.846245 -2 -1 -1 -1 0 -1 0.000000 0.000000 0.000000 0.000000 0.000000 0.000000 
232 128 64 128 1 -2.894575 -2 -1 -1 -1 0 -1 0.000000 0.000000 0.000000 0.000000 0.000000 0.000000 
240 128 64 128 1 -3.050467 -2 -1 -1 -1 0 -1 0.000000 0.000000 0.000000 0.000000 0.000000 0.000000 
248 128 64 128 1 -3.065302 -2 -1 -1 -1 0 -1 0.000000 0.000000 0.000000 0.000000 0.000000 0.000000 
256 128 64 128 1 -3.180235 -2 -1 -1 -1 0 -1 0.000000 0.000000 0.000000 0.000000 0.000000 0.000000 
264 128 64 128 1 -3.300643 -2 -1 -1 -1 0 -1 0.000000 0.000000 0.000000 0.000000 0.000000 0.000000 
272 128 64 128 1 -3.337426 -2 -1 -1 -1 0 -1 0.000000 0.000000 0.000000 0.000000 0.000000 0.000000 
280 128 64 128 1 -3.356107 -2 -1 -1 -1 0 -1 0.000000 0.000000 0.000000 0.000000 0.000000 0.000000 
288 128 64 128 1 -3.459324 -2 -1 -1 -1 0 -1 0.000000 0.000000 0.000000 0.000000 0.000000 0.000000 
296 128 64 128 1 -3.458770 -2 -1 -1 -1 0 -1 0.000000 0.000000 0.000000 0.000000 0.000000 0.000000 
304 128 64 128 1 -3.316540 -2 -1 -1 -1 0 -1 0.000000 0.000000 0.000000 0.000000 0.000000 0.000000 
312 128 64 128 1 -3.224102 -2 -1 -1 -1 0 -1 0.000000 0.000000 0.000000 0.000000 0.000000 0.000000 
320 128 64 128 1 -3.191255 -2 -1 -1 -1 0 -1 0.000000 0.000000 0.000000 0.000000 0.000000 0.000000 
32 136 64 128 1 -1.382257 -2 -1 -1 -1 0 -1 0.000000 0.000000 0.000000 0.000000 0.000000 0.000000 
40 136 64 128 1 -1.988370 -2 -1 -1 -1 0 -1 0.000000 0.000000 0.000000 0.000000 0.000000 0.000000 
48 136 64 128 1 -2.509632 -2 -1 -1 -1 0 -1 0.000000 0.000000 0.000000 0.000000 0.000000 0.000000 
56 136 64 128 1 -2.395008 -2 -1 -1 -1 0 -1 0.000000 0.000000 0.000000 0.000000 0.000000 0.000000 
64 136 64 128 1 -1.786208 -2 -1 -1 -1 0 -1 0.000000 0.000000 0.000000 0.000000 0.000000 0.000000 
72 136 64 128 1 -1.555609 -2 -1 -1 -1 0 -1 0.000000 0.000000 0.000000 0.000000 0.000000 0.000000 
80 136 64 128 1 -1.988392 -2 -1 -1 -1 0 -1 0.000000 0.000000 0.000000 0.000000 0.000000 0.000000 
88 136 64 128 1 -2.000451 -2 -1 -1 -1 0 -1 0.000000 0.000000 0.000000 0.000000 0.000000 0.000000 
96 136 64 128 1 -1.467776 -2 -1 -1 -1 0 -1 0.000000 0.000000 0.000000 0.000000 0.000000 0.000000 
104 136 64 128 1 -1.491442 -2 -1 -1 -1 0 -1 0.000000 0.000000 0.000000 0.000000 0.000000 0.000000 
112 136 64 128 1 -1.790925 -2 -1 -1 -1 0 -1 0.000000 0.000000 0.000000 0.000000 0.000000 0.000000 
120 136 64 128 1 -1.720568 -2 -1 -1 -1 0 -1 0.000000 0.000000 0.000000 0.000000 0.000000 0.000000 
128 136 64 128 1 -1.745618 -2 -1 -1 -1 0 -1 0.000000 0.000000 0.000000 0.000000 0.000000 0.000000 
136 136 64 128 1 -1.915781 -2 -1 -1 -1 0 -1 0.000000 0.000000 0.000000 0.000000 0.000000 0.000000 
144 136 64 128 1 -2.315331 -2 -1 -1 -1 0 -1 0.000000 0.000000 0.000000 0.000000 0.000000 0.000000 
152 136 64 128 1 -3.125787 -2 -1 -1 -1 0 -1 0.000000 0.000000 0.000000 0.000000 0.000000 0.000000 
160 136 64 128 1 -3.145038 -2 -1 -1 -1 0 -1 0.000000 0.000000 0.000000 0.000000 0.000000 0.000000 
168 136 64 128 1 -2.857803 -2 -1 -1 -1 0 -1 0.000000 0.000000 0.000000 0.000000 0.000000 0.000000 
176 136 64 128 1 -2.825283 -2 -1 -1 -1 0 -1 0.000000 0.000000 0.000000 0.000000 0.000000 0.000000 
184 136 64 128 1 -2.998926 -2 -1 -1 -1 0 -1 0.000000 0.000000 0.000000 0.000000 0.000000 0.000000 
192 136 64 128 1 -3.298552 -2 -1 -1 -1 0 -1 0.000000 0.000000 0.000000 0.000000 0.000000 0.000000 
200 136 64 128 1 -3.213711 -2 -1 -1 -1 0 -1 0.000000 0.000000 0.000000 0.000000 0.000000 0.000000 
208 136 64 128 1 -2.634292 -2 -1 -1 -1 0 -1 0.000000 0.000000 0.000000 0.000000 0.000000 0.000000 
216 136 64 128 1 -2.345827 -2 -1 -1 -1 0 -1 0.000000 0.000000 0.000000 0.000000 0.000000 0.000000 
224 136 64 128 1 -2.627183 -2 -1 -1 -1 0 -1 0.000000 0.000000 0.000000 0.000000 0.000000 0.000000 
232 136 64 128 1 -2.992031 -2 -1 -1 -1 0 -1 0.000000 0.000000 0.000000 0.000000 0.000000 0.000000 
240 136 64 128 1 -2.989282 -2 -1 -1 -1 0 -1 0.000000 0.000000 0.000000 0.000000 0.000000 0.000000 
248 136 64 128 1 -2.870232 -2 -1 -1 -1 0 -1 0.000000 0.000000 0.000000 0.000000 0.000000 0.000000 
256 136 64 128 1 -2.957620 -2 -1 -1 -1 0 -1 0.000000 0.000000 0.000000 0.000000 0.000000 0.000000 
264 136 64 128 1 -3.057990 -2 -1 -1 -1 0 -1 0.000000 0.000000 0.000000 0.000000 0.000000 0.000000 
272 136 64 128 1 -3.046733 -2 -1 -1 -1 0 -1 0.000000 0.000000 0.000000 0.000000 0.000000 0.000000 
280 136 64 128 1 -3.099850 -2 -1 -1 -1 0 -1 0.000000 0.000000 0.000000 0.000000 0.000000 0.000000 
288 136 64 128 1 -3.417943 -2 -1 -1 -1 0 -1 0.000000 0.000000 0.000000 0.000000 0.000000 0.000000 
296 136 64 128 1 -3.511511 -2 -1 -1 -1 0 -1 0.000000 0.000000 0.000000 0.000000 0.000000 0.000000 
304 136 64 128 1 -3.364563 -2 -1 -1 -1 0 -1 0.000000 0.000000 0.000000 0.000000 0.000000 0.000000 
312 136 64 128 1 -3.215374 -2 -1 -1 -1 0 -1 0.000000 0.000000 0.000000 0.000000 0.000000 0.000000 
320 136 64 128 1 -3.033494 -2 -1 -1 -1 0 -1 0.000000 0.000000 0.000000 0.000000 0.000000 0.000000 
32 144 64 128 1 -1.630001 -2 -1 -1 -1 0 -1 0.000000 0.000000 0.000000 0.000000 0.000000 0.000000 
40 144 64 128 1 -1.774492 -2 -1 -1 -1 0 -1 0.000000 0.000000 0.000000 0.000000 0.000000 0.000000 
48 144 64 128 1 -2.088560 -2 -1 -1 -1 0 -1 0.000000 0.000000 0.000000 0.000000 0.000000 0.000000 
56 144 64 128 1 -2.068110 -2 -1 -1 -1 0 -1 0.000000 0.000000 0.000000 0.000000 0.000000 0.000000 
64 144 64 128 1 -1.831620 -2 -1 -1 -1 0 -1 0.000000 0.000000 0.000000 0.000000 0.000000 0.000000 
72 144 64 128 1 -1.998543 -2 -1 -1 -1 0 -1 0.000000 0.000000 0.000000 0.000000 0.000000 0.000000 
80 144 64 128 1 -2.123617 -2 -1 -1 -1 0 -1 0.000000 0.000000 0.000000 0.000000 0.000000 0.000000 
88 144 64 128 1 -1.826539 -2 -1 -1 -1 0 -1 0.000000 0.000000 0.000000 0.000000 0.000000 0.000000 
96 144 64 128 1 -1.462353 -2 -1 -1 -1 0 -1 0.000000 0.000000 0.000000 0.000000 0.000000 0.000000 
104 144 64 128 1 -1.377020 -2 -1 -1 -1 0 -1 0.000000 0.000000 0.000000 0.000000 0.000000 0.000000 
112 144 64 128 1 -1.490505 -2 -1 -1 -1 0 -1 0.000000 0.000000 0.000000 0.000000 0.000000 0.000000 
120 144 64 128 1 -1.604351 -2 -1 -1 -1 0 -1 0.000000 0.000000 0.000000 0.000000 0.000000 0.000000 
128 144 64 128 1 -1.725011 -2 -1 -1 -1 0 -1 0.000000 0.000000 0.000000 0.000000 0.000000 0.000000 
136 144 64 128 1 -1.595124 -2 -1 -1 -1 0 -1 0.000000 0.000000 0.000000 0.000000 0.000000 0.000000 
144 144 64 128 1 -1.718824 -2 -1 -1 -1 0 -1 0.000000 0.000000 0.000000 0.000000 0.000000 0.000000 
152 144 64 128 1 -2.685231 -2 -1 -1 -1 0 -1 0.000000 0.000000 0.000000 0.000000 0.000000 0.000000 
160 144 64 128 1 -3.190291 -2 -1 -1 -1 0 -1 0.000000 0.000000 0.000000 0.000000 0.000000 0.000000 
168 144 64 128 1 -2.882963 -2 -1 -1 -1 0 -1 0.000000 0.000000 0.000000 0.000000 0.000000 0.000000 
176 144 64 128 1 -2.516456 -2 -1 -1 -1 0 -1 0.000000 0.000000 0.000000 0.000000 0.000000 0.000000 
184 144 64 128 1 -2.597484 -2 -1 -1 -1 0 -1 0.000000 0.000000 0.000000 0.000000 0.000000 0.000000 
192 144 64 128 1 -2.931596 -2 -1 -1 -1 0 -1 0.000000 0.000000 0.000000 0.000000 0.000000 0.000000 
200 144 64 128 1 -2.996964 -2 -1 -1 -1 0 -1 0.000000 0.000000 0.000000 0.000000 0.000000 0.000000 
208 144 64 128 1 -2.353904 -2 -1 -1 -1 0 -1 0.000000 0.000000 0.000000 0.000000 0.000000 0.000000 
216 144 64 128 1 -1.973669 -2 -1 -1 -1 0 -1 0.000000 0.000000 0.000000 0.000000 0.000000 0.000000 
224 144 64 128 1 -2.408680 -2 -1 -1 -1 0 -1 0.000000 0.000000 0.000000 0.000000 0.000000 0.000000 
232 144 64 128 1 -2.882416 -2 -1 -1 -1 0 -1 0.000000 0.000000 0.000000 0.000000 0.000000 0.000000 
240 144 64 128 1 -2.828516 -2 -1 -1 -1 0 -1 0.000000 0.000000 0.000000 0.000000 0.000000 0.000000 
248 144 64 128 1 -2.717843 -2 -1 -1 -1 0 -1 0.000000 0.000000 0.000000 0.000000 0.000000 0.000000 
256 144 64 128 1 -2.794548 -2 -1 -1 -1 0 -1 0.000000 0.000000 0.000000 0.000000 0.000000 0.000000 
264 144 64 128 1 -2.897614 -2 -1 -1 -1 0 -1 0.000000 0.000000 0.000000 0.000000 0.000000 0.000000 
272 144 64 128 1 -2.921639 -2 -1 -1 -1 0 -1 0.000000 0.000000 0.000000 0.000000 0.000000 0.000000 
280 144 64 128 1 -3.065406 -2 -1 -1 -1 0 -1 0.000000 0.000000 0.000000 0.000000 0.000000 0.000000 
288 144 64 128 1 -3.473921 -2 -1 -1 -1 0 -1 0.000000 0.000000 0.000000 0.000000 0.000000 0.000000 
296 144 64 128 1 -3.636117 -2 -1 -1 -1 0 -1 0.000000 0.000000 0.000000 0.000000 0.000000 0.000000 
304 144 64 128 1 -3.525362 -2 -1 -1 -1 0 -1 0.000000 0.000000 0.000000 0.000000 0.000000 0.000000 
312 144 64 128 1 -3.354953 -2 -1 -1 -1 0 -1 0.000000 0.000000 0.000000 0.000000 0.000000 0.000000 
320 144 64 128 1 -3.007508 -2 -1 -1 -1 0 -1 0.000000 0.000000 0.000000 0.000000 0.000000 0.000000 
32 152 64 128 1 -1.682173 -2 -1 -1 -1 0 -1 0.000000 0.000000 0.000000 0.000000 0.000000 0.000000 
40 152 64 128 1 -1.518163 -2 -1 -1 -1 0 -1 0.000000 0.000000 0.000000 0.000000 0.000000 0.000000 
48 152 64 128 1 -1.941210 -2 -1 -1 -1 0 -1 0.000000 0.000000 0.000000 0.000000 0.000000 0.000000 
56 152 64 128 1 -2.112154 -2 -1 -1 -1 0 -1 0.000000 0.000000 0.000000 0.000000 0.000000 0.000000 
64 152 64 128 1 -2.065685 -2 -1 -1 -1 0 -1 0.000000 0.000000 0.000000 0.000000 0.000000 0.000000 
72 152 64 128 1 -2.381976 -2 -1 -1 -1 0 -1 0.000000 0.000000 0.000000 0.000000 0.000000 0.000000 
80 152 64 128 1 -2.085023 -2 -1 -1 -1 0 -1 0.000000 0.000000 0.000000 0.000000 0.000000 0.000000 
88 152 64 128 1 -1.751944 -2 -1 -1 -1 0 -1 0.000000 0.000000 0.000000 0.000000 0.000000 0.000000 
96 152 64 128 1 -1.704418 -2 -1 -1 -1 0 -1 0.000000 0.000000 0.000000 0.000000 0.000000 0.000000 
104 152 64 128 1 -1.361553 -2 -1 -1 -1 0 -1 0.000000 0.000000 0.000000 0.000000 0.000000 0.000000 
112 152 64 128 1 -1.252805 -2 -1 -1 -1 0 -1 0.000000 0.000000 0.000000 0.000000 0.000000 0.000000 
120 152 64 128 1 -1.590267 -2 -1 -1 -1 0 -1 0.000000 0.000000 0.000000 0.000000 0.000000 0.000000 
128 152 64 128 1 -1.794110 -2 -1 -1 -1 0 -1 0.000000 0.000000 0.000000 0.000000 0.000000 0.000000 
136 152 64 128 1 -1.465188 -2 -1 -1 -1 0 -1 0.000000 0.000000 0.000000 0.000000 0.000000 0.000000 
144 152 64 128 1 -1.313396 -2 -1 -1 -1 0 -1 0.000000 0.000000 0.000000 0.000000 0.000000 0.000000 
152 152 64 128 1 -2.061749 -2 -1 -1 -1 0 -1 0.000000 0.000000 0.000000 0.000000 0.000000 0.000000 
160 152 64 128 1 -2.921086 -2 -1 -1 -1 0 -1 0.000000 0.000000 0.000000 0.000000 0.000000 0.000000 
168 152 64 128 1 -2.760653 -2 -1 -1 -1 0 -1 0.000000 0.000000 0.000000 0.000000 0.000000 0.000000 
176 152 64 128 1 -2.173623 -2 -1 -1 -1 0 -1 0.000000 0.000000 0.000000 0.000000 0.000000 0.000000 
184 152 64 128 1 -2.199082 -2 -1 -1 -1 0 -1 0.000000 0.000000 0.000000 0.000000 0.000000 0.000000 
192 152 64 128 1 -2.559566 -2 -1 -1 -1 0 -1 0.000000 0.000000 0.000000 0.000000 0.000000 0.000000 
200 152 64 128 1 -2.601408 -2 -1 -1 -1 0 -1 0.000000 0.000000 0.000000 0.000000 0.000000 0.000000 
208 152 64 128 1 -2.101118 -2 -1 -1 -1 0 -1 0.000000 0.000000 0.000000 0.000000 0.000000 0.000000 
216 152 64 128 1 -1.766296 -2 -1 -1 -1 0 -1 0.000000 0.000000 0.000000 0.000000 0.000000 0.000000 
224 152 64 128 1 -1.902020 -2 -1 -1 -1 0 -1 0.000000 0.000000 0.000000 0.000000 0.000000 0.000000 
232 152 64 128 1 -2.218005 -2 -1 -1 -1 0 -1 0.000000 0.000000 0.000000 0.000000 0.000000 0.000000 
240 152 64 128 1 -2.442636 -2 -1 -1 -1 0 -1 0.000000 0.000000 0.000000 0.000000 0.000000 0.000000 
248 152 64 128 1 -2.594936 -2 -1 -1 -1 0 -1 0.000000 0.000000 0.000000 0.000000 0.000000 0.000000 
256 152 64 128 1 -2.640594 -2 -1 -1 -1 0 -1 0.000000 0.000000 0.000000 0.000000 0.000000 0.000000 
264 152 64 128 1 -2.711804 -2 -1 -1 -1 0 -1 0.000000 0.000000 0.000000 0.000000 0.000000 0.000000 
272 152 64 128 1 -2.893605 -2 -1 -1 -1 0 -1 0.000000 0.000000 0.000000 0.000000 0.000000 0.000000 
280 152 64 128 1 -2.987057 -2 -1 -1 -1 0 -1 0.000000 0.000000 0.000000 0.000000 0.000000 0.000000 
288 152 64 128 1 -3.253264 -2 -1 -1 -1 0 -1 0.000000 0.000000 0.000000 0.000000 0.000000 0.000000 
296 152 64 128 1 -3.370520 -2 -1 -1 -1 0 -1 0.000000 0.000000 0.000000 0.000000 0.000000 0.000000 
304 152 64 128 1 -3.346586 -2 -1 -1 -1 0 -1 0.000000 0.000000 0.000000 0.000000 0.000000 0.000000 
312 152 64 128 1 -3.358312 -2 -1 -1 -1 0 -1 0.000000 0.000000 0.000000 0.000000 0.000000 0.000000 
320 152 64 128 1 -3.043714 -2 -1 -1 -1 0 -1 0.000000 0.000000 0.000000 0.000000 0.000000 0.000000 
32 160 64 128 1 -1.743905 -2 -1 -1 -1 0 -1 0.000000 0.000000 0.000000 0.000000 0.000000 0.000000 
40 160 64 128 1 -1.375227 -2 -1 -1 -1 0 -1 0.000000 0.000000 0.000000 0.000000 0.000000 0.000000 
48 160 64 128 1 -1.973137 -2 -1 -1 -1 0 -1 0.000000 0.000000 0.000000 0.000000 0.000000 0.000000 
56 160 64 128 1 -2.221689 -2 -1 -1 -1 0 -1 0.000000 0.000000 0.000000 0.000000 0.000000 0.000000 
64 160 64 128 1 -2.001157 -2 -1 -1 -1 0 -1 0.000000 0.000000 0.000000 0.000000 0.000000 0.000000 
72 160 64 128 1 -2.193848 -2 -1 -1 -1 0 -1 0.000000 0.000000 0.000000 0.000000 0.000000 0.000000 
80 160 64 128 1 -1.878773 -2 -1 -1 -1 0 -1 0.000000 0.000000 0.000000 0.000000 0.000000 0.000000 
88 160 64 128 1 -1.893432 -2 -1 -1 -1 0 -1 0.000000 0.000000 0.000000 0.000000 0.000000 0.000000 
96 160 64 128 1 -2.253948 -2 -1 -1 -1 0 -1 0.000000 0.000000 0.000000 0.000000 0.000000 0.000000 
104 160 64 128 1 -1.806961 -2 -1 -1 -1 0 -1 0.000000 0.000000 0.000000 0.000000 0.000000 0.000000 
112 160 64 128 1 -1.331042 -2 -1 -1 -1 0 -1 0.000000 0.000000 0.000000 0.000000 0.000000 0.000000 
120 160 64 128 1 -1.616220 -2 -1 -1 -1 0 -1 0.000000 0.000000 0.000000 0.000000 0.000000 0.000000 
128 160 64 128 1 -2.019361 -2 -1 -1 -1 0 -1 0.000000 0.000000 0.000000 0.000000 0.000000 0.000000 
136 160 64 128 1 -1.615100 -2 -1 -1 -1 0 -1 0.000000 0.000000 0.000000 0.000000 0.000000 0.000000 
144 160 64 128 1 -1.100490 -2 -1 -1 -1 0 -1 0.000000 0.000000 0.000000 0.000000 0.000000 0.000000 
152 160 64 128 1 -1.548718 -2 -1 -1 -1 0 -1 0.000000 0.000000 0.000000 0.000000 0.000000 0.000000 
160 160 64 128 1 -2.440629 -2 -1 -1 -1 0 -1 0.000000 0.000000 0.000000 0.000000 0.000000 0.000000 
168 160 64 128 1 -2.443238 -2 -1 -1 -1 0 -1 0.000000 0.000000 0.000000 0.000000 0.000000 0.000000 
176 160 64 128 1 -1.907125 -2 -1 -1 -1 0 -1 0.000000 0.000000 0.000000 0.000000 0.000000 0.000000 
184 160 64 128 1 -1.947831 -2 -1 -1 -1 0 -1 0.000000 0.000000 0.000000 0.000000 0.000000 0.000000 
192 160 64 128 1 -2.240426 -2 -1 -1 -1 0 -1 0.000000 0.000000 0.000000 0.000000 0.000000 0.000000 
200 160 64 128 1 -2.154681 -2 -1 -1 -1 0 -1 0.000000 0.000000 0.000000 0.000000 0.000000 0.000000 
208 160 64 128 1 -1.856617 -2 -1 -1 -1 0 -1 0.000000 0.000000 0.000000 0.000000 0.000000 0.000000 
216 160 64 128 1 -1.804725 -2 -1 -1 -1 0 -1 0.000000 0.000000 0.000000 0.000000 0.000000 0.000000 
224 160 64 128 1 -1.739139 -2 -1 -1 -1 0 -1 0.000000 0.000000 0.000000 0.000000 0.000000 0.000000 
232 160 64 128 1 -1.798944 -2 -1 -1 -1 0 -1 0.000000 0.000000 0.000000 0.000000 0.000000 0.000000 
240 160 64 128 1 -2.128546 -2 -1 -1 -1 0 -1 0.000000 0.000000 0.000000 0.000000 0.000000 0.000000 
248 160 64 128 1 -2.337932 -2 -1 -1 -1 0 -1 0.000000 0.000000 0.000000 0.000000 0.000000 0.000000 
256 160 64 128 1 -2.415013 -2 -1 -1 -1 0 -1 0.000000 0.000000 0.000000 0.000000 0.000000 0.000000 
264 160 64 128 1 -2.606891 -2 -1 -1 -1 0 -1 0.000000 0.000000 0.000000 0.000000 0.000000 0.000000 
272 160 64 128 1 -2.827093 -2 -1 -1 -1 0 -1 0.000000 0.000000 0.000000 0.000000 0.000000 0.000000 
280 160 64 128 1 -2.871473 -2 -1 -1 -1 0 -1 0.000000 0.000000 0.000000 0.000000 0.000000 0.000000 
288 160 64 128 1 -3.022708 -2 -1 -1 -1 0 -1 0.000000 0.000000 0.000000 0.000000 0.000000 0.000000 
296 160 64 128 1 -2.982148 -2 -1 -1 -1 0 -1 0.000000 0.000000 0.000000 0.000000 0.000000 0.000000 
304 160 64 128 1 -2.975046 -2 -1 -1 -1 0 -1 0.000000 0.000000 0.000000 0.000000 0.000000 0.000000 
312 160 64 128 1 -3.050678 -2 -1 -1 -1 0 -1 0.000000 0.000000 0.000000 0.000000 0.000000 0.000000 
320 160 64 128 1 -2.775725 -2 -1 -1 -1 0 -1 0.000000 0.000000 0.000000 0.000000 0.000000 0.000000 
32 168 64 128 1 -1.938794 -2 -1 -1 -1 0 -1 0.000000 0.000000 0.000000 0.000000 0.000000 0.000000 
40 168 64 128 1 -1.517979 -2 -1 -1 -1 0 -1 0.000000 0.000000 0.000000 0.000000 0.000000 0.000000 
48 168 64 128 1 -2.023329 -2 -1 -1 -1 0 -1 0.000000 0.000000 0.000000 0.000000 0.000000 0.000000 
56 168 64 128 1 -2.059741 -2 -1 -1 -1 0 -1 0.000000 0.000000 0.000000 0.000000 0.000000 0.000000 
64 168 64 128 1 -1.712643 -2 -1 -1 -1 0 -1 0.000000 0.000000 0.000000 0.000000 0.000000 0.000000 
72 168 64 128 1 -1.871655 -2 -1 -1 -1 0 -1 0.000000 0.000000 0.000000 0.000000 0.000000 0.000000 
80 168 64 128 1 -1.797270 -2 -1 -1 -1 0 -1 0.000000 0.000000 0.000000 0.000000 0.000000 0.000000 
88 168 64 128 1 -2.011907 -2 -1 -1 -1 0 -1 0.000000 0.000000 0.000000 0.000000 0.000000 0.000000 
96 168 64 128 1 -2.545835 -2 -1 -1 -1 0 -1 0.000000 0.000000 0.000000 0.000000 0.000000 0.000000 
104 168 64 128 1 -2.271892 -2 -1 -1 -1 0 -1 0.000000 0.000000 0.000000 0.000000 0.000000 0.000000 
112 168 64 128 1 -1.750130 -2 -1 -1 -1 0 -1 0.000000 0.000000 0.000000 0.000000 0.000000 0.000000 
120 168 64 128 1 -1.893306 -2 -1 -1 -1 0 -1 0.000000 0.000000 0.000000 0.000000 0.000000 0.000000 
128 168 64 128 1 -2.169035 -2 -1 -1 -1 0 -1 0.000000 0.000000 0.000000 0.000000 0.000000 0.000000 
136 168 64 128 1 -1.675427 -2 -1 -1 -1 0 -1 0.000000 0.000000 0.000000 0.000000 0.000000 0.000000 
144 168 64 128 1 -1.107799 -2 -1 -1 -1 0 -1 0.000000 0.000000 0.000000 0.000000 0.000000 0.000000 
152 168 64 128 1 -1.397901 -2 -1 -1 -1 0 -1 0.000000 0.000000 0.000000 0.000000 0.000000 0.000000 
160 168 64 128 1 -2.037532 -2 -1 -1 -1 0 -1 0.000000 0.000000 0.000000 0.000000 0.000000 0.000000 
168 168 64 128 1 -2.216325 -2 -1 -1 -1 0 -1 0.000000 0.000000 0.000000 0.000000 0.000000 0.000000 
176 168 64 128 1 -1.861331 -2 -1 -1 -1 0 -1 0.000000 0.000000 0.000000 0.000000 0.000000 0.000000 
184 168 64 128 1 -1.904796 -2 -1 -1 -1 0 -1 0.000000 0.000000 0.000000 0.000000 0.000000 0.000000 
192 168 64 128 1 -2.057064 -2 -1 -1 -1 0 -1 0.000000 0.000000 0.000000 0.000000 0.000000 0.000000 
200 168 64 128 1 -1.921322 -2 -1 -1 -1 0 -1 0.000000 0.000000 0.000000 0.000000 0.000000 0.000000 
208 168 64 128 1 -1.814977 -2 -1 -1 -1 0 -1 0.000000 0.000000 0.000000 0.000000 0.000000 0.000000 
216 168 64 128 1 -1.985353 -2 -1 -1 -1 0 -1 0.000000 0.000000 0.000000 0.000000 0.000000 0.000000 
224 168 64 128 1 -1.932301 -2 -1 -1 -1 0 -1 0.000000 0.000000 0.000000 0.000000 0.000000 0.000000 
232 168 64 128 1 -1.890379 -2 -1 -1 -1 0 -1 0.000000 0.000000 0.000000 0.000000 0.000000 0.000000 
240 168 64 128 1 -2.100284 -2 -1 -1 -1 0 -1 0.000000 0.000000 0.000000 0.000000 0.000000 0.000000 
248 168 64 128 1 -2.124305 -2 -1 -1 -1 0 -1 0.000000 0.000000 0.000000 0.000000 0.000000 0.000000 
256 168 64 128 1 -2.162101 -2 -1 -1 -1 0 -1 0.000000 0.000000 0.000000 0.000000 0.000000 0.000000 
264 168 64 128 1 -2.534270 -2 -1 -1 -1 0 -1 0.000000 0.000000 0.000000 0.000000 0.000000 0.000000 
272 168 64 128 1 -2.812496 -2 -1 -1 -1 0 -1 0.000000 0.000000 0.000000 0.000000 0.000000 0.000000 
280 168 64 128 1 -2.902066 -2 -1 -1 -1 0 -1 0.000000 0.000000 0.000000 0.000000 0.000000 0.000000 
288 168 64 128 1 -2.954921 -2 -1 -1 -1 0 -1 0.000000 0.000000 0.000000 0.000000 0.000000 0.000000 
296 168 64 128 1 -2.667307 -2 -1 -1 -1 0 -1 0.000000 0.000000 0.000000 0.000000 0.000000 0.000000 
304 168 64 128 1 -2.629311 -2 -1 -1 -1 0 -1 0.000000 0.000000 0.000000 0.000000 0.000000 0.000000 
312 168 64 128 1 -2.715308 -2 -1 -1 -1 0 -1 0.000000 0.000000 0.000000 0.000000 0.000000 0.000000 
320 168 64 128 1 -2.619045 -2 -1 -1 -1 0 -1 0.000000 0.000000 0.000000 0.000000 0.000000 0.000000 
32 176 64 128 1 -1.658193 -2 -1 -1 -1 0 -1 0.000000 0.000000 0.000000 0.000000 0.000000 0.000000 
40 176 64 128 1 -1.549330 -2 -1 -1 -1 0 -1 0.000000 0.000000 0.000000 0.000000 0.000000 0.000000 
48 176 64 128 1 -1.990069 -2 -1 -1 -1 0 -1 0.000000 0.000000 0.000000 0.000000 0.000000 0.000000 
56 176 64 128 1 -1.961570 -2 -1 -1 -1 0 -1 0.000000 0.000000 0.000000 0.000000 0.000000 0.000000 
64 176 64 128 1 -1.804687 -2 -1 -1 -1 0 -1 0.000000 0.000000 0.000000 0.000000 0.000000 0.000000 
72 176 64 128 1 -2.004078 -2 -1 -1 -1 0 -1 0.000000 0.000000 0.000000 0.000000 0.000000 0.000000 
80 176 64 128 1 -1.940700 -2 -1 -1 -1 0 -1 0.000000 0.000000 0.000000 0.000000 0.000000 0.000000 
88 176 64 128 1 -1.987389 -2 -1 -1 -1 0 -1 0.000000 0.000000 0.000000 0.000000 0.000000 0.000000 
96 176 64 128 1 -2.263581 -2 -1 -1 -1 0 -1 0.000000 0.000000 0.000000 0.000000 0.000000 0.000000 
104 176 64 128 1 -2.236724 -2 -1 -1 -1 0 -1 0.000000 0.000000 0.000000 0.000000 0.000000 0.000000 
112 176 64 128 1 -2.112058 -2 -1 -1 -1 0 -1 0.000000 0.000000 0.000000 0.000000 0.000000 0.000000 
120 176 64 128 1 -2.233479 -2 -1 -1 -1 0 -1 0.000000 0.000000 0.000000 0.000000 0.000000 0.000000 
128 176 64 128 1 -2.206469 -2 -1 -1 -1 0 -1 0.000000 0.000000 0.000000 0.000000 0.000000 0.000000 
136 176 64 128 1 -1.743829 -2 -1 -1 -1 0 -1 0.000000 0.000000 0.000000 0.000000 0.000000 0.000000 
144 176 64 128 1 -1.385088 -2 -1 -1 -1 0 -1 0.000000 0.000000 0.000000 0.000000 0.000000 0.000000 
152 176 64 128 1 -1.368342 -2 -1 -1 -1 0 -1 0.000000 0.000000 0.000000 0.000000 0.000000 0.000000 
160 176 64 128 1 -1.736032 -2 -1 -1 -1 0 -1 0.000000 0.000000 0.000000 0.000000 0.000000 0.000000 
168 176 64 128 1 -2.045481 -2 -1 -1 -1 0 -1 0.000000 0.000000 0.000000 0.000000 0.000000 0.000000 
176 176 64 128 1 -1.668220 -2 -1 -1 -1 0 -1 0.000000 0.000000 0.000000 0.000000 0.000000 0.000000 
184 176 64 128 1 -1.727749 -2 -1 -1 -1 0 -1 0.000000 0.000000 0.000000 0.000000 0.000000 0.000000 
192 176 64 128 1 -2.059576 -2 -1 -1 -1 0 -1 0.000000 0.000000 0.000000 0.000000 0.000000 0.000000 
200 176 64 128 1 -2.013608 -2 -1 -1 -1 0 -1 0.000000 0.000000 0.000000 0.000000 0.000000 0.000000 
208 176 64 128 1 -1.915842 -2 -1 -1 -1 0 -1 0.000000 0.000000 0.000000 0.000000 0.000000 0.000000 
216 176 64 128 1 -1.939912 -2 -1 -1 -1 0 -1 0.000000 0.000000 0.000000 0.000000 0.000000 0.000000 
224 176 64 128 1 -1.856288 -2 -1 -1 -1 0 -1 0.000000 0.000000 0.000000 0.000000 0.000000 0.000000 
232 176 64 128 1 -1.868003 -2 -1 -1 -1 0 -1 0.000000 0.000000 0.000000 0.000000 0.000000 0.000000 
240 176 64 128 1 -2.037806 -2 -1 -1 -1 0 -1 0.000000 0.000000 0.000000 0.000000 0.000000 0.000000 
248 176 64 128 1 -1.941962 -2 -1 -1 -1 0 -1 0.000000 0.000000 0.000000 0.000000 0.000000 0.000000 
256 176 64 128 1 -1.790153 -2 -1 -1 -1 0 -1 0.000000 0.000000 0.000000 0.000000 0.000000 0.000000 
264 176 64 128 1 -2.036510 -2 -1 -1 -1 0 -1 0.000000 0.000000 0.000000 0.000000 0.000000 0.000000 
272 176 64 128 1 -2.503053 -2 -1 -1 -1 0 -1 0.000000 0.000000 0.000000 0.000000 0.000000 0.000000 
280 176 64 128 1 -2.780546 -2 -1 -1 -1 0 -1 0.000000 0.000000 0.000000 0.000000 0.000000 0.000000 
288 176 64 128 1 -2.714722 -2 -1 -1 -1 0 -1 0.000000 0.000000 0.000000 0.000000 0.000000 0.000000 
296 176 64 128 1 -2.368481 -2 -1 -1 -1 0 -1 0.000000 0.000000 0.000000 0.000000 0.000000 0.000000 
304 176 64 128 1 -2.400115 -2 -1 -1 -1 0 -1 0.000000 0.000000 0.000000 0.000000 0.000000 0.000000 
312 176 64 128 1 -2.496532 -2 -1 -1 -1 0 -1 0.000000 0.000000 0.000000 0.000000 0.000000 0.000000 
320 176 64 128 1 -2.543653 -2 -1 -1 -1 0 -1 0.000000 0.000000 0.000000 0.000000 0.000000 0.000000 
32 184 64 128 1 -1.420839 -2 -1 -1 -1 0 -1 0.000000 0.000000 0.000000 0.000000 0.000000 0.000000 
40 184 64 128 1 -1.431368 -2 -1 -1 -1 0 -1 0.000000 0.000000 0.000000 0.000000 0.000000 0.000000 
48 184 64 128 1 -1.851736 -2 -1 -1 -1 0 -1 0.000000 0.000000 0.000000 0.000000 0.000000 0.000000 
56 184 64 128 1 -1.892016 -2 -1 -1 -1 0 -1 0.000000 0.000000 0.000000 0.000000 0.000000 0.000000 
64 184 64 128 1 -1.821162 -2 -1 -1 -1 0 -1 0.000000 0.000000 0.000000 0.000000 0.000000 0.000000 
72 184 64 128 1 -1.902229 -2 -1 -1 -1 0 -1 0.000000 0.000000 0.000000 0.000000 0.000000 0.000000 
80 184 64 128 1 -1.823862 -2 -1 -1 -1 0 -1 0.000000 0.000000 0.000000 0.000000 0.000000 0.000000 
88 184 64 128 1 -1.736400 -2 -1 -1 -1 0 -1 0.000000 0.000000 0.000000 0.000000 0.000000 0.000000 
96 184 64 128 1 -1.610786 -2 -1 -1 -1 0 -1 0.000000 0.000000 0.000000 0.000000 0.000000 0.000000 
104 184 64 128 1 -1.694017 -2 -1 -1 -1 0 -1 0.000000 0.000000 0.000000 0.000000 0.000000 0.000000 
112 184 64 128 1 -1.970700 -2 -1 -1 -1 0 -1 0.000000 0.000000 0.000000 0.000000 0.000000 0.000000 
120 184 64 128 1 -2.019754 -2 -1 -1 -1 0 -1 0.000000 0.000000 0.000000 0.000000 0.000000 0.000000 
128 184 64 128 1 -1.687833 -2 -1 -1 -1 0 -1 0.000000 0.000000 0.000000 0.000000 0.000000 0.000000 
136 184 64 128 1 -1.357810 -2 -1 -1 -1 0 -1 0.000000 0.000000 0.000000 0.000000 0.000000 0.000000 
144 184 64 128 1 -1.355268 -2 -1 -1 -1 0 -1 0.000000 0.000000 0.000000 0.000000 0.000000 0.000000 
152 184 64 128 1 -1.273113 -2 -1 -1 -1 0 -1 0.000000 0.000000 0.000000 0.000000 0.000000 0.000000 
160 184 64 128 1 -1.474213 -2 -1 -1 -1 0 -1 0.000000 0.000000 0.000000 0.000000 0.000000 0.000000 
168 184 64 128 1 -1.797769 -2 -1 -1 -1 0 -1 0.000000 0.000000 0.000000 0.000000 0.000000 0.000000 
176 184 64 128 1 -1.507307 -2 -1 -1 -1 0 -1 0.000000 0.000000 0.000000 0.000000 0.000000 0.000000 
184 184 64 128 1 -1.659582 -2 -1 -1 -1 0 -1 0.000000 0.000000 0.000000 0.000000 0.000000 0.000000 
192 184 64 128 1 -2.145412 -2 -1 -1 -1 0 -1 0.000000 0.000000 0.000000 0.000000 0.000000 0.000000 
200 184 64 128 1 -2.046046 -2 -1 -1 -1 0 -1 0.000000 0.000000 0.000000 0.000000 0.000000 0.000000 
208 184 64 128 1 -1.826830 -2 -1 -1 -1 0 -1 0.000000 0.000000 0.000000 0.000000 0.000000 0.000000 
216 184 64 128 1 -1.815783 -2 -1 -1 -1 0 -1 0.000000 0.000000 0.000000 0.000000 0.000000 0.000000 
224 184 64 128 1 -1.738305 -2 -1 -1 -1 0 -1 0.000000 0.000000 0.000000 0.000000 0.000000 0.000000 
232 184 64 128 1 -1.792320 -2 -1 -1 -1 0 -1 0.000000 0.000000 0.000000 0.000000 0.000000 0.000000 
240 184 64 128 1 -1.902361 -2 -1 -1 -1 0 -1 0.000000 0.000000 0.000000 0.000000 0.000000 0.000000 
248 184 64 128 1 -1.749374 -2 -1 -1 -1 0 -1 0.000000 0.000000 0.000000 0.000000 0.000000 0.000000 
256 184 64 128 1 -1.585536 -2 -1 -1 -1 0 -1 0.000000 0.000000 0.000000 0.000000 0.000000 0.000000 
264 184 64 128 1 -1.617000 -2 -1 -1 -1 0 -1 0.000000 0.000000 0.000000 0.000000 0.000000 0.000000 
272 184 64 128 1 -1.917676 -2 -1 -1 -1 0 -1 0.000000 0.000000 0.000000 0.000000 0.000000 0.000000 
280 184 64 128 1 -2.233325 -2 -1 -1 -1 0 -1 0.000000 0.000000 0.000000 0.000000 0.000000 0.000000 
288 184 64 128 1 -2.212952 -2 -1 -1 -1 0 -1 0.000000 0.000000 0.000000 0.000000 0.000000 0.000000 
296 184 64 128 1 -2.057494 -2 -1 -1 -1 0 -1 0.000000 0.000000 0.000000 0.000000 0.000000 0.000000 
304 184 64 128 1 -2.088055 -2 -1 -1 -1 0 -1 0.000000 0.000000 0.000000 0.000000 0.000000 0.000000 
312 184 64 128 1 -1.939091 -2 -1 -1 -1 0 -1 0.000000 0.000000 0.000000 0.000000 0.000000 0.000000 
320 184 64 128 1 -1.898017 -2 -1 -1 -1 0 -1 0.000000 0.000000 0.000000 0.000000 0.000000 0.000000 
32 192 64 128 1 -1.514325 -2 -1 -1 -1 0 -1 0.000000 0.000000 0.000000 0.000000 0.000000 0.000000 
40 192 64 128 1 -1.519613 -2 -1 -1 -1 0 -1 0.000000 0.000000 0.000000 0.000000 0.000000 0.000000 
48 192 64 128 1 -1.939790 -2 -1 -1 -1 0 -1 0.000000 0.000000 0.000000 0.000000 0.000000 0.000000 
56 192 64 128 1 -2.035100 -2 -1 -1 -1 0 -1 0.000000 0.000000 0.000000 0.000000 0.000000 0.000000 
64 192 64 128 1 -1.877352 -2 -1 -1 -1 0 -1 0.000000 0.000000 0.000000 0.000000 0.000000 0.000000 
72 192 64 128 1 -1.752419 -2 -1 -1 -1 0 -1 0.000000 0.000000 0.000000 0.000000 0.000000 0.000000 
80 192 64 128 1 -1.667480 -2 -1 -1 -1 0 -1 0.000000 0.000000 0.000000 0.000000 0.000000 0.000000 
88 192 64 128 1 -1.628448 -2 -1 -1 -1 0 -1 0.000000 0.000000 0.000000 0.000000 0.000000 0.000000 
96 192 64 128 1 -1.291994 -2 -1 -1 -1 0 -1 0.000000 0.000000 0.000000 0.000000 0.000000 0.000000 
104 192 64 128 1 -1.223928 -2 -1 -1 -1 0 -1 0.000000 0.000000 0.000000 0.000000 0.000000 0.000000 
112 192 64 128 1 -1.622747 -2 -1 -1 -1 0 -1 0.000000 0.000000 0.000000 0.000000 0.000000 0.000000 
120 192 64 128 1 -1.787411 -2 -1 -1 -1 0 -1 0.000000 0.000000 0.000000 0.000000 0.000000 0.000000 
128 192 64 128 1 -1.332121 -2 -1 -1 -1 0 -1 0.000000 0.000000 0.000000 0.000000 0.000000 0.000000 
136 192 64 128 1 -1.012375 -2 -1 -1 -1 0 -1 0.000000 0.000000 0.000000 0.000000 0.000000 0.000000 
144 192 64 128 1 -1.211046 -2 -1 -1 -1 0 -1 0.000000 0.000000 0.000000 0.000000 0.000000 0.000000 
152 192 64 128 1 -1.285748 -2 -1 -1 -1 0 -1 0.000000 0.000000 0.000000 0.000000 0.000000 0.000000 
160 192 64 128 1 -1.331477 -2 -1 -1 -1 0 -1 0.000000 0.000000 0.000000 0.000000 0.000000 0.000000 
168 192 64 128 1 -1.596031 -2 -1 -1 -1 0 -1 0.000000 0.000000 0.000000 0.000000 0.000000 0.000000 
176 192 64 128 1 -1.595833 -2 -1 -1 -1 0 -1 0.000000 0.000000 0.000000 0.000000 0.000000 0.000000 
184 192 64 128 1 -1.883756 -2 -1 -1 -1 0 -1 0.000000 0.000000 0.000000 0.000000 0.000000 0.000000 
192 192 64 128 1 -2.241613 -2 -1 -1 -1 0 -1 0.000000 0.000000 0.000000 0.000000 0.000000 0.000000 
200 192 64 128 1 -1.870238 -2 -1 -1 -1 0 -1 0.000000 0.000000 0.000000 0.000000 0.000000 0.000000 
208 192 64 128 1 -1.557837 -2 -1 -1 -1 0 -1 0.000000 0.000000 0.000000 0.000000 0.000000 0.000000 
216 192 64 128 1 -1.785782 -2 -1 -1 -1 0 -1 0.000000 0.000000 0.000000 0.000000 0.000000 0.000000 
224 192 64 128 1 -1.990021 -2 -1 -1 -1 0 -1 0.000000 0.000000 0.000000 0.000000 0.000000 0.000000 
232 192 64 128 1 -2.036239 -2 -1 -1 -1 0 -1 0.000000 0.000000 0.000000 0.000000 0.000000 0.000000 
240 192 64 128 1 -1.927403 -2 -1 -1 -1 0 -1 0.000000 0.000000 0.000000 0.000000 0.000000 0.000000 
248 192 64 128 1 -1.752501 -2 -1 -1 -1 0 -1 0.000000 0.000000 0.000000 0.000000 0.000000 0.000000 
256 192 64 128 1 -1.689373 -2 -1 -1 -1 0 -1 0.000000 0.000000 0.000000 0.000000 0.000000 0.000000 
264 192 64 128 1 -1.559253 -2 -1 -1 -1 0 -1 0.000000 0.000000 0.000000 0.000000 0.000000 0.000000 
272 192 64 128 1 -1.551859 -2 -1 -1 -1 0 -1 0.000000 0.000000 0.000000 0.000000 0.000000 0.000000 
280 192 64 128 1 -1.854183 -2 -1 -1 -1 0 -1 0.000000 0.000000 0.000000 0.000000 0.000000 0.000000 
288 192 64 128 1 -1.966469 -2 -1 -1 -1 0 -1 0.000000 0.000000 0.000000 0.000000 0.000000 0.000000 
296 192 64 128 1 -1.910371 -2 -1 -1 -1 0 -1 0.000000 0.000000 0.000000 0.000000 0.000000 0.000000 
304 192 64 128 1 -1.730775 -2 -1 -1 -1 0 -1 0.000000 0.000000 0.000000 0.000000 0.000000 0.000000 
312 192 64 128 1 -1.391653 -2 -1 -1 -1 0 -1 0.000000 0.000000 0.000000 0.000000 0.000000 0.000000 
320 192 64 128 1 -1.174719 -2 -1 -1 -1 0 -1 0.000000 0.000000 0.000000 0.000000 0.000000 0.000000 
32 200 64 128 1 -1.322178 -2 -1 -1 -1 0 -1 0.000000 0.000000 0.000000 0.000000 0.000000 0.000000 
40 200 64 128 1 -1.447526 -2 -1 -1 -1 0 -1 0.000000 0.000000 0.000000 0.000000 0.000000 0.000000 
48 200 64 128 1 -1.687328 -2 -1 -1 -1 0 -1 0.000000 0.000000 0.000000 0.000000 0.000000 0.000000 
56 200 64 128 1 -1.784403 -2 -1 -1 -1 0 -1 0.000000 0.000000 0.000000 0.000000 0.000000 0.000000 
64 200 64 128 1 -1.831298 -2 -1 -1 -1 0 -1 0.000000 0.000000 0.000000 0.000000 0.000000 0.000000 
72 200 64 128 1 -1.698485 -2 -1 -1 -1 0 -1 0.000000 0.000000 0.000000 0.000000 0.000000 0.000000 
80 200 64 128 1 -1.652898 -2 -1 -1 -1 0 -1 0.000000 0.000000 0.000000 0.000000 0.000000 0.000000 
88 200 64 128 1 -1.839763 -2 -1 -1 -1 0 -1 0.000000 0.000000 0.000000 0.000000 0.000000 0.000000 
96 200 64 128 1 -1.658627 -2 -1 -1 -1 0 -1 0.000000 0.000000 0.000000 0.000000 0.000000 0.000000 
104 200 64 128 1 -1.354832 -2 -1 -1 -1 0 -1 0.000000 0.000000 0.000000 0.000000 0.000000 0.000000 
112 200 64 128 1 -1.528393 -2 -1 -1 -1 0 -1 0.000000 0.000000 0.000000 0.000000 0.000000 0.000000 
120 200 64 128 1 -1.891391 -2 -1 -1 -1 0 -1 0.000000 0.000000 0.000000 0.000000 0.000000 0.000000 
128 200 64 128 1 -1.641046 -2 -1 -1 -1 0 -1 0.000000 0.000000 0.000000 0.000000 0.000000 0.000000 
136 200 64 128 1 -1.279826 -2 -1 -1 -1 0 -1 0.000000 0.000000 0.000000 0.000000 0.000000 0.000000 
144 200 64 128 1 -1.409480 -2 -1 -1 -1 0 -1 0.000000 0.000000 0.000000 0.000000 0.000000 0.000000 
152 200 64 128 1 -1.495936 -2 -1 -1 -1 0 -1 0.000000 0.000000 0.000000 0.000000 0.000000 0.000000 
160 200 64 128 1 -1.319285 -2 -1 -1 -1 0 -1 0.000000 0.000000 0.000000 0.000000 0.000000 0.000000 
168 200 64 128 1 -1.352152 -2 -1 -1 -1 0 -1 0.000000 0.000000 0.000000 0.000000 0.000000 0.000000 
176 200 64 128 1 -1.622156 -2 -1 -1 -1 0 -1 0.000000 0.000000 0.000000 0.000000 0.000000 0.000000 
184 200 64 128 1 -1.980746 -2 -1 -1 -1 0 -1 0.000000 0.000000 0.000000 0.000000 0.000000 0.000000 
192 200 64 128 1 -2.217242 -2 -1 -1 -1 0 -1 0.000000 0.000000 0.000000 0.000000 0.000000 0.000000 
200 200 64 128 1 -1.982591 -2 -1 -1 -1 0 -1 0.000000 0.000000 0.000000 0.000000 0.000000 0.000000 
208 200 64 128 1 -1.658937 -2 -1 -1 -1 0 -1 0.000000 0.000000 0.000000 0.000000 0.000000 0.000000 
216 200 64 128 1 -1.828794 -2 -1 -1 -1 0 -1 0.000000 0.000000 0.000000 0.000000 0.000000 0.000000 
224 200 64 128 1 -2.034498 -2 -1 -1 -1 0 -1 0.000000 0.000000 0.000000 0.000000 0.000000 0.000000 
232 200 64 128 1 -1.974180 -2 -1 -1 -1 0 -1 0.000000 0.000000 0.000000 0.000000 0.000000 0.000000 
240 200 64 128 1 -1.734695 -2 -1 -1 -1 0 -1 0.000000 0.000000 0.000000 0.000000 0.000000 0.000000 
248 200 64 128 1 -1.446931 -2 -1 -1 -1 0 -1 0.000000 0.000000 0.000000 0.000000 0.000000 0.000000 
256 200 64 128 1 -1.467559 -2 -1 -1 -1 0 -1 0.000000 0.000000 0.000000 0.000000 0.000000 0.000000 
264 200 64 128 1 -1.452725 -2 -1 -1 -1 0 -1 0.000000 0.000000 0.000000 0.000000 0.000000 0.000000 
272 200 64 128 1 -1.354975 -2 -1 -1 -1 0 -1 0.000000 0.000000 0.000000 0.000000 0.000000 0.000000 
280 200 64 128 1 -1.686461 -2 -1 -1 -1 0 -1 0.000000 0.000000 0.000000 0.000000 0.000000 0.000000 
288 200 64 128 1 -1.891399 -2 -1 -1 -1 0 -1 0.000000 0.000000 0.000000 0.000000 0.000000 0.000000 
296 200 64 128 1 -1.729563 -2 -1 -1 -1 0 -1 0.000000 0.000000 0.000000 0.000000 0.000000 0.000000 
304 200 64 128 1 -1.514033 -2 -1 -1 -1 0 -1 0.000000 0.000000 0.000000 0.000000 0.000000 0.000000 
312 200 64 128 1 -1.268624 -2 -1 -1 -1 0 -1 0.000000 0.000000 0.000000 0.000000 0.000000 0.000000 
320 200 64 128 1 -0.960251 -2 -1 -1 -1 0 -1 0.000000 0.000000 0.000000 0.000000 0.000000 0.000000 
32 208 64 128 1 -1.270749 -2 -1 -1 -1 0 -1 0.000000 0.000000 0.000000 0.000000 0.000000 0.000000 
40 208 64 128 1 -1.378732 -2 -1 -1 -1 0 -1 0.000000 0.000000 0.000000 0.000000 0.000000 0.000000 
48 208 64 128 1 -1.356882 -2 -1 -1 -1 0 -1 0.000000 0.000000 0.000000 0.000000 0.000000 0.000000 
56 208 64 128 1 -1.263503 -2 -1 -1 -1 0 -1 0.000000 0.000000 0.000000 0.000000 0.000000 0.000000 
64 208 64 128 1 -1.333618 -2 -1 -1 -1 0 -1 0.000000 0.000000 0.000000 0.000000 0.000000 0.000000 
72 208 64 128 1 -1.343574 -2 -1 -1 -1 0 -1 0.000000 0.000000 0.000000 0.000000 0.000000 0.000000 
80 208 64 128 1 -1.427249 -2 -1 -1 -1 0 -1 0.000000 0.000000 0.000000 0.000000 0.000000 0.000000 
88 208 64 128 1 -1.683354 -2 -1 -1 -1 0 -1 0.000000 0.000000 0.000000 0.000000 0.000000 0.000000 
96 208 64 128 1 -1.712320 -2 -1 -1 -1 0 -1 0.000000 0.000000 0.000000 0.000000 0.000000 0.000000 
104 208 64 128 1 -1.496607 -2 -1 -1 -1 0 -1 0.000000 0.000000 0.000000 0.000000 0.000000 0.000000 
112 208 64 128 1 -1.514929 -2 -1 -1 -1 0 -1 0.000000 0.000000 0.000000 0.000000 0.000000 0.000000 
120 208 64 128 1 -1.914979 -2 -1 -1 -1 0 -1 0.000000 0.000000 0.000000 0.000000 0.000000 0.000000 
128 208 64 128 1 -1.856576 -2 -1 -1 -1 0 -1 0.000000 0.000000 0.000000 0.000000 0.000000 0.000000 
136 208 64 128 1 -1.578750 -2 -1 -1 -1 0 -1 0.000000 0.000000 0.000000 0.000000 0.000000 0.000000 
144 208 64 128 1 -1.698518 -2 -1 -1 -1 0 -1 0.000000 0.000000 0.000000 0.000000 0.000000 0.000000 
152 208 64 128 1 -1.816099 -2 -1 -1 -1 0 -1 0.000000 0.000000 0.000000 0.000000 0.000000 0.000000 
160 208 64 128 1 -1.634101 -2 -1 -1 -1 0 -1 0.000000 0.000000 0.000000 0.000000 0.000000 0.000000 
168 208 64 128 1 -1.706102 -2 -1 -1 -1 0 -1 0.000000 0.000000 0.000000 0.000000 0.000000 0.000000 
176 208 64 128 1 -2.022429 -2 -1 -1 -1 0 -1 0.000000 0.000000 0.000000 0.000000 0.000000 0.000000 
184 208 64 128 1 -2.103900 -2 -1 -1 -1 0 -1 0.000000 0.000000 0.000000 0.000000 0.000000 0.000000 
192 208 64 128 1 -2.230821 -2 -1 -1 -1 0 -1 0.000000 0.000000 0.000000 0.000000 0.000000 0.000000 
200 208 64 128 1 -2.176712 -2 -1 -1 -1 0 -1 0.000000 0.000000 0.000000 0.000000 0.000000 0.000000 
208 208 64 128 1 -1.891953 -2 -1 -1 -1 0 -1 0.000000 0.000000 0.000000 0.000000 0.000000 0.000000 
216 208 64 128 1 -1.961023 -2 -1 -1 -1 0 -1 0.000000 0.000000 0.000000 0.000000 0.000000 0.000000 
224 208 64 128 1 -1.963984 -2 -1 -1 -1 0 -1 0.000000 0.000000 0.000000 0.000000 0.000000 0.000000 
232 208 64 128 1 -1.828716 -2 -1 -1 -1 0 -1 0.000000 0.000000 0.000000 0.000000 0.000000 0.000000 
240 208 64 128 1 -1.636968 -2 -1 -1 -1 0 -1 0.000000 0.000000 0.000000 0.000000 0.000000 0.000000 
248 208 64 128 1 -1.321102 -2 -1 -1 -1 0 -1 0.000000 0.000000 0.000000 0.000000 0.000000 0.000000 
256 208 64 128 1 -1.352691 -2 -1 -1 -1 0 -1 0.000000 0.000000 0.000000 0.000000 0.000000 0.000000 
264 208 64 128 1 -1.414834 -2 -1 -1 -1 0 -1 0.000000 0.000000 0.000000 0.000000 0.000000 0.000000 
272 208 64 128 1 -1.324378 -2 -1 -1 -1 0 -1 0.000000 0.000000 0.000000 0.000000 0.000000 0.000000 
280 208 64 128 1 -1.551425 -2 -1 -1 -1 0 -1 0.000000 0.000000 0.000000 0.000000 0.000000 0.000000 
288 208 64 128 1 -1.659981 -2 -1 -1 -1 0 -1 0.000000 0.000000 0.000000 0.000000 0.000000 0.000000 
296 208 64 128 1 -1.527884 -2 -1 -1 -1 0 -1 0.000000 0.000000 0.000000 0.000000 0.000000 0.000000 
304 208 64 128 1 -1.526208 -2 -1 -1 -1 0 -1 0.000000 0.000000 0.000000 0.000000 0.000000 0.000000 
312 208 64 128 1 -1.327970 -2 -1 -1 -1 0 -1 0.000000 0.000000 0.000000 0.000000 0.000000 0.000000 
320 208 64 128 1 -0.964259 -2 -1 -1 -1 0 -1 0.000000 0.000000 0.000000 0.000000 0.000000 0.000000
